    0.000000000000    0.000061464741    0.000334437375    0.000000000000   -0.000000000031    0.338370566231   -0.347715910579   -0.008949442263
    0.339825175147    0.000016194177    0.012222906550    0.000043195527   -0.000000419027    0.310668580843   -0.326060488465   -0.003110030395
    0.679661369572    0.000356192797    0.021658051106    0.000355772632   -0.000002730426    0.285320633752   -0.309242656462   -0.001554736601
    1.019511074189    0.001271462432    0.028741381168    0.001236176270   -0.000008854124    0.264781907783   -0.295945118734    0.000076954794
    1.359376550070    0.003145886991    0.033914707327    0.002999953916   -0.000020627809    0.247216927132   -0.285147122742    0.002109724816
    1.699261376126    0.006224823832    0.037580472695    0.005962968514   -0.000039277119    0.229802201662   -0.275968625916    0.003562563668
    2.039170914664    0.010692672893    0.040025613825    0.010420984533   -0.000065182016    0.212181112555   -0.267788521474    0.005466680315
    2.379113450006    0.016554359232    0.041523596492    0.016628807484   -0.000097658787    0.192386696253   -0.260098136226    0.006897664448
    2.719099877367    0.023653156478    0.042275841424    0.024780707362   -0.000135016467    0.170635352621   -0.252556943419    0.008653098000
    3.059143822532    0.031646251077    0.042456727307    0.034993499348   -0.000174588316    0.146187496560   -0.244943767397    0.010165618578
    3.399261279320    0.040051129366    0.042201524583    0.047295743384   -0.000212992563    0.119729527311   -0.237172873645    0.011892058437
    3.739470856887    0.048289071143    0.041618367589    0.061622777631   -0.000246364682    0.091523932370   -0.229258460751    0.013549323300
    4.079794495278    0.055755673579    0.040794124785    0.077819691551   -0.000270699740    0.062556235943   -0.221298296331    0.015356729788
    4.420258974845    0.061883780468    0.039793854799    0.095650708523   -0.000282026112    0.033573397738   -0.213436994922    0.017182720495
    4.760898034281    0.066199861391    0.038670997888    0.114814557546   -0.000276440487    0.005548976933   -0.205839938565    0.019118014705
    5.101754940327    0.068363454402    0.037462499244    0.134962492162   -0.000249910931   -0.020768863270   -0.198665222007    0.021104449600
    5.442885275763    0.068185792182    0.036198949414    0.155719559821   -0.000198006645   -0.044679772705   -0.192046092906    0.023180429159
    5.784359870043    0.065632470161    0.034898867043    0.176704476054   -0.000115726395   -0.065713933411   -0.186078075072    0.025328078381
    6.126267999078    0.060807210127    0.033577672245    0.197546716613    0.000002388468   -0.083550444572   -0.180814906363    0.027568636519
    6.468721192218    0.053928398522    0.032242854395    0.217903239811    0.000161727391   -0.098069970710   -0.176268824319    0.029897425089
    6.811858091089    0.045295709323    0.030900857555    0.237468770609    0.000366677100   -0.109301199945   -0.172415907787    0.032314906855
    7.155850751026    0.035259491644    0.029554047447    0.255982835948    0.000619513181   -0.117413784656   -0.169203165241    0.034798938322
    7.500912542355    0.024188813024    0.028204134831    0.273235364470    0.000919303059   -0.122675941807   -0.166557242205    0.037314431372
    7.847307475391    0.012448266549    0.026852033511    0.289065457737    0.001261160235   -0.125425671858   -0.164392523586    0.039808722589
    8.195360393090    0.000377626004    0.025496493449    0.303360206523    0.001636098615   -0.126034621086   -0.162618877246    0.042216926258
    8.545467166794   -0.011718832332    0.024138501287    0.316050657058    0.002031535810   -0.124880266226   -0.161147587180    0.044474008416
    8.898103867561   -0.023580298229    0.022774046852    0.327105402993    0.002432548764   -0.122318995711   -0.159896054459    0.046516650210
    9.253833860880   -0.034989777721    0.021404696456    0.336524662346    0.002823644576   -0.118668128709   -0.158790540418    0.048304556529
    9.613311925952   -0.045773839287    0.020023867175    0.344333168759    0.003190776136   -0.114192995533   -0.157767683827    0.049813293423
    9.977284770893   -0.055797404631    0.018634152932    0.350575201885    0.003523348839   -0.109104118731   -0.156774578681    0.051056601615
   10.346587657606   -0.064959996025    0.017227497102    0.355306864239    0.003815936927   -0.103557187065   -0.155768185595    0.052064929583
   10.722137230555   -0.073188826706    0.015808148126    0.358592584613    0.004069416032   -0.097664754174   -0.154714008451    0.052902559440
   11.104921008110   -0.080434877156    0.014368401201    0.360502109223    0.004291298349   -0.091507862951   -0.153584685538    0.053634383129
   11.495984283858   -0.086666724066    0.012914636223    0.361106202163    0.004495237955   -0.085151436912   -0.152358419319    0.054339496043
   11.896415409753   -0.091868247240    0.011441357042    0.360477200275    0.004699561659   -0.078655820870   -0.151017744998    0.055076305869
   12.307330519763   -0.096034682734    0.009957146188    0.358686419526    0.004924851566   -0.072086075160   -0.149548489965    0.055899169421
   12.729858775702   -0.099172889896    0.008460214860    0.355806029237    0.005190789595   -0.065513943094   -0.147939300865    0.056830899836
   13.165129128916   -0.101300140236    0.006961267822    0.351908125919    0.005512592338   -0.059018068052   -0.146181468916    0.057882308875
   13.614259474796   -0.102446393220    0.005463209766    0.347065824096    0.005897483916   -0.052678230349   -0.144269243261    0.059032650948
   14.078348884921   -0.102654496409    0.003978897972    0.341353579601    0.006341952850   -0.046571587111   -0.142200170721    0.060248176182
   14.558473410958   -0.101981697981    0.002516272216    0.334847754561    0.006830607302   -0.040765663256   -0.139975513571    0.061471759271
   15.055685622648   -0.100498208080    0.001090288978    0.327627535763    0.007337040889   -0.035316510844   -0.137600138340    0.062640008367
   15.571017739810   -0.098284434337   -0.000286593392    0.319773569672    0.007827322187   -0.030264139366   -0.135081936007    0.063683788757
   16.105487750119   -0.095426223994   -0.001597773462    0.311367532250    0.008265668760   -0.025634070542   -0.132430350440    0.064544782571
   16.660107568521   -0.092008448361   -0.002827939593    0.302492128295    0.008621137330   -0.021439841204   -0.129654686305    0.065182350162
   17.235891933574   -0.088111160490   -0.003960529851    0.293230505928    0.008873569393   -0.017687637584   -0.126762523973    0.065582223422
   17.833866716910   -0.083805533889   -0.004980686230    0.283663557151    0.009017215972   -0.014377277544   -0.123759376793    0.065757898666
   18.455075441076   -0.079158357313   -0.005874854516    0.273870194169    0.009060251713   -0.011503847315   -0.120650053138    0.065743333600
   19.100583371283   -0.074235137601   -0.006632213788    0.263925182132    0.009020508534   -0.009052105408   -0.117441913100    0.065584320769
   19.771479145324   -0.069112132478   -0.007244114949    0.253899864088    0.008918941775   -0.006992708248   -0.114148760818    0.065321089371
   20.468874735846   -0.063876954579   -0.007705250227    0.243859118855    0.008773983432   -0.005275059638   -0.110793415913    0.064982421931
   21.193904993814   -0.058632800741   -0.008011553811    0.233862417720    0.008599731387   -0.003832568502   -0.107406944134    0.064578281920
   21.947728308893   -0.053483149597   -0.008162771564    0.223963555339    0.008408260954   -0.002591577761   -0.104023913181    0.064110404190
   22.731529504406   -0.048527030069   -0.008157658333    0.214209283079    0.008214451988   -0.001489184249   -0.100675104662    0.063574757754
   23.546525470967   -0.043841541637   -0.008000153528    0.204640952924    0.008038868057   -0.000487904258   -0.097380895055    0.062969326503
   24.393972935674   -0.039484687241   -0.007694344039    0.195293495093    0.007904531874    0.000418345771   -0.094148496981    0.062288844476
   25.275177047451   -0.035483072976   -0.007257549355    0.186196807519    0.007828162389    0.001210660728   -0.090973564172    0.061521444133
   26.191498864864   -0.031843441904   -0.006711886039    0.177376095406    0.007807904354    0.001857155566   -0.087844952061    0.060640875323
   27.144360209794   -0.028550468545   -0.006094579526    0.168852379506    0.007812931791    0.002329844946   -0.084751111857    0.059598996315
   28.135245011841   -0.025582391468   -0.005440350186    0.160644265202    0.007781738630    0.002617615750   -0.081686810010    0.058334067918
   29.165697643200   -0.022883745467   -0.004792143694    0.152767411715    0.007640520528    0.002730071352   -0.078655419429    0.056806695005
   30.237319649190   -0.020354587408   -0.004182552858    0.145233956525    0.007342638178    0.002687008290   -0.075665107042    0.055061355686
   31.351767110365   -0.017855600349   -0.003641980022    0.138054423384    0.006906040787    0.002512936118   -0.072725504274    0.053250315643
   32.510750464549   -0.015283344093   -0.003176101074    0.131240910732    0.006414964795    0.002251910895   -0.069849471141    0.051598870114
   33.716038011630   -0.012617937261   -0.002776382137    0.124807200600    0.005976378320    0.001969943185   -0.067053362791    0.050305839915
   34.969462742102   -0.009947073418   -0.002412561810    0.118763777852    0.005658586014    0.001729752484   -0.064351747373    0.049440733749
   36.272931286063   -0.007434260960   -0.002053753235    0.113105322878    0.005446262331    0.001552282889   -0.061751799360    0.048864054544
   37.628432752198   -0.005284408697   -0.001669315010    0.107804866465    0.005238867745    0.001424590039   -0.059258256946    0.048256343596
   39.038045735693   -0.003658937156   -0.001251834597    0.102822693077    0.004912461729    0.001347844618   -0.056888272740    0.047283954931
   40.503942136450   -0.002554348225   -0.000822958466    0.098124627262    0.004451540506    0.001336846241   -0.054659556488    0.045876150830
   42.028388036811   -0.001772636631   -0.000424743430    0.093691809593    0.004048738780    0.001357336896   -0.052560977002    0.044339528205
   43.613742286827   -0.001052590789   -0.000097508475    0.089515932081    0.004003247979    0.001341809116   -0.050556133475    0.043154756437
   45.262454547481   -0.000203903505    0.000124676869    0.085584552157    0.004422019503    0.001279864391   -0.048623224356    0.042583985059
   46.977064112828    0.000795459284    0.000237696059    0.081867317371    0.005078533033    0.001226170355   -0.046773251220    0.042431924881
   48.760201271253    0.001697546398    0.000272654463    0.078314202775    0.005617484816    0.001223086874   -0.045022546314    0.042102429012
   50.614591605828    0.002207743732    0.000298687048    0.074877447374    0.005753415488    0.001250897125   -0.043353417228    0.041034773538
   52.543063569234    0.002320275876    0.000344482391    0.071535559226    0.005372657203    0.001296850986   -0.041733847161    0.039135978522
   54.548557946015    0.002207233211    0.000420481960    0.068306464507    0.004631057076    0.001299098209   -0.040132085139    0.036732249824
   56.634138254443    0.002134246390    0.000489938538    0.065253333570    0.003807687269    0.001075508556   -0.038510810202    0.034249904120
   58.802999873187    0.002335372086    0.000518074576    0.062467348784    0.002809805106    0.000654106313   -0.036904988586    0.031879718280
   61.058476631797    0.002691770880    0.000450247900    0.059986621054    0.001190717404    0.000293655785   -0.035401503183    0.029211509841
   63.404043275671    0.003110474444    0.000258559417    0.057740500161   -0.000865608752    0.000139620312   -0.034023905631    0.026359639952
   65.843315727744    0.003824174268   -0.000067772407    0.055602821952   -0.002225668498    0.000125349083   -0.032745427372    0.024513477027
   68.380050736780    0.004790986585   -0.000442925522    0.053509354439   -0.002413794303    0.000223548647   -0.031567856924    0.024099312921
   71.018148721864    0.005330113727   -0.000743640930    0.051464700521   -0.001869421854    0.000422479618   -0.030489758910    0.024114472172
   73.761659456790    0.005196051826   -0.000829241683    0.049493089751   -0.001060598575    0.000421284935   -0.029400211830    0.023820374424
   76.614788113367    0.004933101365   -0.000681203743    0.047616120257   -0.000468707883    0.000244362333   -0.028290668787    0.023353003542
   79.581902320116    0.004622641560   -0.000478861060    0.045850028325   -0.000398796844    0.000174618820   -0.027243847683    0.022525783118
   82.667544628761    0.004130643067   -0.000279922443    0.044165522839   -0.000661002112    0.000220076406   -0.026271032814    0.021304284944
   85.876443148220    0.003260625372   -0.000103745103    0.042511526861   -0.001145576296    0.000301236244   -0.025340744622    0.019483322457
   89.213524371064    0.002684294156   -0.000058109841    0.040911969166   -0.002973727559    0.000167034158   -0.024384943430    0.016346516650
   92.683924501005    0.002978149895   -0.000063883042    0.039529295696   -0.004997989733   -0.000049240669   -0.023491129808    0.013905202340
   96.292997449211    0.003508335445   -0.000104217475    0.038393413679   -0.005735425393   -0.000010285890   -0.022739871524    0.013311948841
  100.046311560237    0.003209355983    0.000001138516    0.037347403506   -0.004777661092    0.000170106415   -0.022027304532    0.013923038795
  103.949640679573    0.002243236412    0.000189293215    0.036293763721   -0.002619104834    0.000236254683   -0.021273651321    0.015069791875
  108.008971831257    0.001626647800    0.000285693964    0.035197042742   -0.000537985161    0.000190366944   -0.020493397766    0.016268368523
  112.230512890629    0.001490194047    0.000174439065    0.034054369513    0.001608203329    0.000146918821   -0.019740414428    0.017733710347
  116.620704354384    0.001501724217    0.000089838487    0.032939261850    0.004259978385    0.000078538558   -0.019026706540    0.019842634957
  121.186225263419    0.001681023547    0.000089860168    0.031906712800    0.006523535183    0.000091633557   -0.018349864530    0.021942900725
  125.934016789654    0.001710712613    0.000215638588    0.030856675422    0.006422225016    0.000137944793   -0.017662394907    0.021680801524
  130.871323537771    0.000701362257    0.000630218956    0.029794060133    0.001994725467    0.000109362968   -0.016979735615    0.016249994167
  136.005740505711    0.000083486886    0.000771911341    0.028894447302   -0.004026799824    0.000034745452   -0.016386152866    0.009371638291
  141.345221175288   -0.000152604981    0.000890756908    0.028104524497   -0.006523675216    0.000035995972   -0.015817218682    0.006537778498
  146.898050218142   -0.000733216108    0.000870992829    0.027214442776   -0.005571517569    0.000096214661   -0.015307552435    0.006569364153
  152.672858573983   -0.000957890879    0.000318130598    0.026370109170   -0.005583157569    0.000164957329   -0.014861575219    0.005450573430
  158.678602547815   -0.000959269830    0.000221715233    0.025559531830   -0.005662843679    0.000061756898   -0.014379912898    0.004840977554
  164.924535539108   -0.000332306850    0.000180280636    0.024764557927   -0.002970134836   -0.000074301587   -0.013853158190    0.007714937099
  171.420215917411   -0.000991056789    0.000527144115    0.024153582398    0.001535188766   -0.000046192963   -0.013386061379    0.011792604148
  178.175509105971   -0.001863501151    0.000842270240    0.023429283244    0.003914200091   -0.000053203791   -0.012836423100    0.013432625531
  185.200617347896   -0.002039425465    0.000391338961    0.022644634819    0.001346734718    0.000055617682   -0.012378466096    0.010020434620
  192.506146508751   -0.001529856628   -0.000114008802    0.022049751580   -0.000327000910    0.000033110319   -0.011910515392    0.008201480168
  200.103199842333   -0.000248893044   -0.000863852982    0.021461762568    0.001344771963   -0.000060316948   -0.011391078231    0.010242393327
  208.003370443635    0.000435174261   -0.001609339049    0.020815948654    0.003452838895   -0.000091893935   -0.010894621543    0.012108107282
  216.218766506321    0.000149465380   -0.001533308108    0.020199886454    0.005128846187   -0.000060068023   -0.010444562826    0.013440259064
  224.762062989145   -0.000468387694   -0.001436330177    0.019527915819    0.003677944514   -0.000012428033   -0.010020842582    0.011267871847
  233.646435507471   -0.000083718776   -0.001226551180    0.018663819795    0.002584421081   -0.000042663286   -0.009532419687    0.010362887947
  242.885546078759    0.000344814029   -0.000770420596    0.017517454570    0.000816963233    0.000020091562   -0.009032249928    0.008896652870
  252.493466015571    0.000429012808   -0.000527344831    0.016099445717   -0.000846845829   -0.000006462277   -0.008478905195    0.006668900393
  262.484784293744    0.000190635543   -0.000379257300    0.014842113374   -0.003217918100   -0.000071569819   -0.007938308507    0.003425695191
  272.874435942700    0.000702483456   -0.000712995506    0.013903734910   -0.005255459550   -0.000001226044   -0.007449392646    0.001187144620
  283.677719661773    0.001139253049   -0.000443212682    0.012897381176   -0.002857468503    0.000021369124   -0.006926474316    0.003830847847
  294.910732742667    0.001119214299   -0.000073306132    0.011750219160   -0.000794510369   -0.000022368157   -0.006352603591    0.005626645211
  306.589896083891    0.001255967219   -0.000495127903    0.010747710935   -0.000336812746   -0.000013587442   -0.005863672106    0.005294477956
  318.732088869543    0.001707292986   -0.000555588247    0.009806605020   -0.001279609931    0.000044003743   -0.005393854777    0.004328848793
  331.354769320427    0.001637942742   -0.000579435418    0.008756250737    0.002168047603    0.000073663007   -0.004958509150    0.007097959521
  344.475705406323    0.001595472638   -0.000819309404    0.007741547131    0.002347415482   -0.000022031975   -0.004518430502    0.006324663371
  358.113037248651    0.002447260651   -0.000818166647    0.006798666269   -0.000189572337   -0.000052354735   -0.004079106931    0.004106726270
  372.285147458375    0.002848282212   -0.000743368670    0.005880319041   -0.002104241030   -0.000023359912   -0.003629786664    0.002227844976
  387.010265044959    0.003174933752   -0.000716446606    0.004999127060   -0.003294780052   -0.000017163132   -0.003203486617    0.000942184404
  402.306127755223    0.003362571125   -0.000711486114    0.004133719296   -0.001781285051    0.000018102682   -0.002799686730    0.002221935208
  418.190171642992    0.003538797551   -0.000748962885    0.003292469634   -0.000492888308    0.000037891320   -0.002417721137    0.003209586176
  434.679064478426    0.003835825451   -0.000748471953    0.002538728705   -0.000469088532    0.000033940074   -0.002043378421    0.003147555324
  451.788025219557    0.003819259691   -0.000842570573    0.001919383806   -0.000461615161    0.000043976642   -0.001706596237    0.002771838168
  469.530900232665    0.003725238787   -0.001034997021    0.001422158787   -0.000971544992    0.000046538373   -0.001396254157    0.001791139776
  487.920193483753    0.003508438484   -0.000941645591    0.001005621286   -0.000788035814    0.000056795123   -0.001125891668    0.001715281820
  506.966573460856    0.002904964114   -0.000706743317    0.000660508158   -0.000119462492    0.000057237727   -0.000888521941    0.001907982250
  526.678672385336    0.002548726800   -0.000658825120    0.000399250022   -0.000932954452    0.000042088741   -0.000688032896    0.000710253096
  547.063506075785    0.002044647084   -0.000527650309    0.000222919428   -0.001075760974    0.000039871635   -0.000528392574    0.000175634289
  568.126614489233    0.001459569714   -0.000340182349    0.000115494247   -0.000804770841    0.000029707765   -0.000395573407    0.000064245130
  589.871830582470    0.001089445701   -0.000253910039    0.000054790388   -0.000877612341    0.000026946691   -0.000294822322   -0.000255161922
  612.301725534057    0.000799194235   -0.000213595128    0.000022279787   -0.000502207889    0.000024268175   -0.000216435707   -0.000086496527
  635.418423083306    0.000599829404   -0.000189476052    0.000005434404   -0.000192106831    0.000018067159   -0.000156509906    0.000085238177
  659.224102842736    0.000413933094   -0.000125058712   -0.000002678179    0.000017034108    0.000014116235   -0.000112914443    0.000204432103
  683.721450255694    0.000274164776   -0.000078539612   -0.000005840820    0.000356634593    0.000009174046   -0.000080628656    0.000474964327
  708.914079961851    0.000187030626   -0.000050709321   -0.000006500161    0.000376906802    0.000005630360   -0.000057521953    0.000454836353
  734.806697795749    0.000151221331   -0.000044593933   -0.000006286345    0.000104921082    0.000003657950   -0.000041761950    0.000167158135
  761.405185152022    0.000143751409   -0.000048614942   -0.000006034083   -0.000056958081    0.000003126178   -0.000030797383    0.000004473097
  788.716825013810    0.000116563122   -0.000043785631   -0.000005502926   -0.000075366675    0.000002874750   -0.000022369094   -0.000027586455
  816.750499843572    0.000074200271   -0.000029528864   -0.000004395984   -0.000103394230    0.000002025868   -0.000015738630   -0.000076831569
  845.516731080942    0.000043085314   -0.000014521130   -0.000003211872   -0.000097339463    0.000001237134   -0.000011123268   -0.000081873286
  875.027668430190    0.000030595957   -0.000007496933   -0.000002396415   -0.000049294903    0.000000688028   -0.000008074348   -0.000035978614
  905.297001373933    0.000035841973   -0.000009401584   -0.000001916201   -0.000044974294    0.000000361556   -0.000005990893   -0.000026079443
  936.339717451245    0.000041579695   -0.000011736958   -0.000001620351   -0.000053389913    0.000000475166   -0.000004482247   -0.000029174608
  968.171826982748    0.000032628134   -0.000008617759   -0.000001340779   -0.000023243901    0.000000585862   -0.000003181668   -0.000003170111
 1000.810189007654    0.000020074616   -0.000003721654   -0.000000993258   -0.000000340645    0.000000442872   -0.000002048195    0.000013413736
 1034.272457101247    0.000014077753   -0.000001846416   -0.000000631967   -0.000002472374    0.000000275864   -0.000001219169    0.000008183690
 1068.577076822576    0.000009686822   -0.000000841846   -0.000000323239   -0.000007521098    0.000000193046   -0.000000684212    0.000000509473
 1103.743269799629    0.000004836488    0.000000977072   -0.000000105899   -0.000007599604    0.000000146219   -0.000000354228   -0.000002099952
 1139.791039997975    0.000001636526    0.000002278661    0.000000004653   -0.000005006155    0.000000106519   -0.000000169559   -0.000001149355
 1176.741250382766    0.000000379465    0.000002446194    0.000000043285   -0.000002981617    0.000000068897   -0.000000079651   -0.000000123427
 1214.615699369995    0.000000072792    0.000002149885    0.000000057063   -0.000002235503    0.000000039166   -0.000000040899    0.000000042505
 1253.437095984306    0.000000021570    0.000001889177    0.000000065548   -0.000001918347    0.000000024043   -0.000000025552    0.000000056439
 1293.228930327264    0.000000011047    0.000001713169    0.000000071293   -0.000001700644    0.000000017249   -0.000000018439    0.000000093676
 1334.015298230620    0.000000006979    0.000001578756    0.000000074579   -0.000001575842    0.000000013149   -0.000000013867    0.000000083754
 1375.820729961616    0.000000004432    0.000001468647    0.000000076054   -0.000001471299    0.000000010302   -0.000000010606    0.000000077530
 1418.670063299479    0.000000002795    0.000001372640    0.000000076438   -0.000001359682    0.000000008174   -0.000000008238    0.000000092126
 1462.588409884031    0.000000001671    0.000001285100    0.000000076209   -0.000001260850    0.000000006463   -0.000000006485    0.000000102108
 1507.601258248920    0.000000000936    0.000001202486    0.000000075576   -0.000001175361    0.000000005137   -0.000000005165    0.000000103609
 1553.734718473212    0.000000000424    0.000001121803    0.000000074631   -0.000001096466    0.000000004130   -0.000000004153    0.000000100369
 1601.015858140366    0.000000000064    0.000001041525    0.000000073463   -0.000001022967    0.000000003352   -0.000000003362    0.000000092075
 1649.473006356013   -0.000000000196    0.000000962628    0.000000072156   -0.000000954191    0.000000002732   -0.000000002735    0.000000080393
 1699.135882411774   -0.000000000376    0.000000887445    0.000000070772   -0.000000889799    0.000000002234   -0.000000002237    0.000000068039
 1750.035442914079   -0.000000000498    0.000000818898    0.000000069353   -0.000000830004    0.000000001834   -0.000000001839    0.000000057745
 1802.203533153830   -0.000000000574    0.000000758286    0.000000067918   -0.000000774569    0.000000001514   -0.000000001518    0.000000051058
 1855.672585785230   -0.000000000615    0.000000704669    0.000000066493   -0.000000722884    0.000000001256   -0.000000001258    0.000000047661
 1910.475573510857   -0.000000000631    0.000000654248    0.000000065086   -0.000000674384    0.000000001046   -0.000000001047    0.000000044319
 1966.646281786424   -0.000000000627    0.000000602959    0.000000063703   -0.000000628634    0.000000000874   -0.000000000874    0.000000037402
 2024.219302955564   -0.000000000609    0.000000550026    0.000000062354   -0.000000585431    0.000000000733   -0.000000000733    0.000000026341
 2083.229832152736   -0.000000000583    0.000000497664    0.000000061021   -0.000000544808    0.000000000616   -0.000000000616    0.000000013293
 2143.713320613090   -0.000000000550    0.000000449819    0.000000059720   -0.000000506857    0.000000000519   -0.000000000521    0.000000002131
 2205.706131513713   -0.000000000512    0.000000406822    0.000000058467   -0.000000471497    0.000000000439   -0.000000000441   -0.000000006721
 2269.246519338761   -0.000000000470    0.000000367387    0.000000057237   -0.000000438367    0.000000000373   -0.000000000375   -0.000000014216
 2334.373796065612   -0.000000000426    0.000000330118    0.000000056033   -0.000000407207    0.000000000318   -0.000000000320   -0.000000021484
 2401.127094796721   -0.000000000382    0.000000293772    0.000000054854   -0.000000377925    0.000000000273   -0.000000000274   -0.000000029681
 2469.544205117894   -0.000000000341    0.000000260514    0.000000053697   -0.000000350698    0.000000000234   -0.000000000235   -0.000000036829
 2539.660472766994   -0.000000000305    0.000000233884    0.000000052564   -0.000000325720    0.000000000201   -0.000000000202   -0.000000039578
 2611.508157074569   -0.000000000274    0.000000214308    0.000000051459   -0.000000302933    0.000000000173   -0.000000000174   -0.000000037442
 2685.117415313071   -0.000000000246    0.000000195248    0.000000050385   -0.000000281725    0.000000000149   -0.000000000151   -0.000000036340
 2760.516015403908   -0.000000000219    0.000000170518    0.000000049336   -0.000000261481    0.000000000130   -0.000000000130   -0.000000041847
 2837.735535825557   -0.000000000193    0.000000137806    0.000000048301   -0.000000242246    0.000000000113   -0.000000000113   -0.000000056332
