-6.120000	0.000027	-4.900000	0.000059	-4.760000	0.000035	-4.600000	0.000024	-5.480000	0.000021	-4.400000	0.000026
-6.052060	0.000045	-4.843618	0.000086	-4.712161	0.000047	-4.554372	0.000030	-5.429648	0.000022	-4.356080	0.000034
-5.984121	0.000058	-4.787236	0.000100	-4.664322	0.000053	-4.508744	0.000033	-5.379296	0.000022	-4.312161	0.000043
-5.916181	0.000061	-4.730854	0.000108	-4.616482	0.000050	-4.463116	0.000034	-5.328945	0.000026	-4.268241	0.000055
-5.848241	0.000066	-4.674472	0.000116	-4.568643	0.000039	-4.417487	0.000035	-5.278593	0.000034	-4.224322	0.000071
-5.780302	0.000081	-4.618090	0.000135	-4.520804	0.000029	-4.371859	0.000038	-5.228241	0.000040	-4.180402	0.000091
-5.712362	0.000094	-4.561709	0.000172	-4.472965	0.000027	-4.326231	0.000043	-5.177889	0.000037	-4.136482	0.000113
-5.644422	0.000090	-4.505327	0.000216	-4.425126	0.000041	-4.280603	0.000047	-5.127538	0.000026	-4.092563	0.000133
-5.576482	0.000068	-4.448945	0.000246	-4.377286	0.000072	-4.234975	0.000048	-5.077186	0.000014	-4.048643	0.000154
-5.508543	0.000049	-4.392563	0.000255	-4.329447	0.000114	-4.189347	0.000050	-5.026834	0.000006	-4.004724	0.000180
-5.440603	0.000053	-4.336181	0.000267	-4.281608	0.000158	-4.143719	0.000061	-4.976482	0.000002	-3.960804	0.000215
-5.372663	0.000068	-4.279799	0.000316	-4.233769	0.000196	-4.098090	0.000089	-4.926131	0.000001	-3.916884	0.000260
-5.304724	0.000085	-4.223417	0.000430	-4.185930	0.000228	-4.052462	0.000131	-4.875779	0.000002	-3.872965	0.000314
-5.236784	0.000106	-4.167035	0.000601	-4.138090	0.000263	-4.006834	0.000176	-4.825427	0.000004	-3.829045	0.000375
-5.168844	0.000145	-4.110653	0.000769	-4.090251	0.000304	-3.961206	0.000219	-4.775075	0.000010	-3.785126	0.000441
-5.100905	0.000196	-4.054271	0.000879	-4.042412	0.000351	-3.915578	0.000262	-4.724724	0.000017	-3.741206	0.000516
-5.032965	0.000226	-3.997889	0.000952	-3.994573	0.000400	-3.869950	0.000320	-4.674372	0.000021	-3.697286	0.000606
-4.965025	0.000259	-3.941508	0.001045	-3.946734	0.000453	-3.824322	0.000409	-4.624020	0.000019	-3.653367	0.000719
-4.897085	0.000340	-3.885126	0.001181	-3.898894	0.000510	-3.778693	0.000536	-4.573668	0.000013	-3.609447	0.000856
-4.829146	0.000414	-3.828744	0.001343	-3.851055	0.000567	-3.733065	0.000681	-4.523317	0.000007	-3.565528	0.001012
-4.761206	0.000435	-3.772362	0.001509	-3.803216	0.000619	-3.687437	0.000811	-4.472965	0.000004	-3.521608	0.001169
-4.693266	0.000455	-3.715980	0.001650	-3.755377	0.000674	-3.641809	0.000908	-4.422613	0.000004	-3.477688	0.001305
-4.625327	0.000478	-3.659598	0.001745	-3.707538	0.000763	-3.596181	0.000980	-4.372261	0.000009	-3.433769	0.001418
-4.557387	0.000502	-3.603216	0.001880	-3.659698	0.000909	-3.550553	0.001060	-4.321910	0.000016	-3.389849	0.001544
-4.489447	0.000582	-3.546834	0.002191	-3.611859	0.001113	-3.504925	0.001175	-4.271558	0.000025	-3.345930	0.001734
-4.421508	0.000740	-3.490452	0.002668	-3.564020	0.001351	-3.459296	0.001346	-4.221206	0.000034	-3.302010	0.002020
-4.353568	0.000928	-3.434070	0.003150	-3.516181	0.001597	-3.413668	0.001580	-4.170854	0.000052	-3.258090	0.002383
-4.285628	0.001032	-3.377688	0.003543	-3.468342	0.001842	-3.368040	0.001862	-4.120503	0.000084	-3.214171	0.002764
-4.217688	0.001047	-3.321307	0.003880	-3.420503	0.002093	-3.322412	0.002161	-4.070151	0.000123	-3.170251	0.003114
-4.149749	0.001099	-3.264925	0.004207	-3.372663	0.002366	-3.276784	0.002464	-4.019799	0.000154	-3.126332	0.003443
-4.081809	0.001242	-3.208543	0.004556	-3.324824	0.002663	-3.231156	0.002792	-3.969447	0.000171	-3.082412	0.003830
-4.013869	0.001501	-3.152161	0.004956	-3.276985	0.002969	-3.185528	0.003181	-3.919095	0.000184	-3.038492	0.004370
-3.945930	0.001865	-3.095779	0.005449	-3.229146	0.003277	-3.139899	0.003634	-3.868744	0.000205	-2.994573	0.005096
-3.877990	0.002202	-3.039397	0.006106	-3.181307	0.003617	-3.094271	0.004117	-3.818392	0.000243	-2.950653	0.005947
-3.810050	0.002395	-2.983015	0.006966	-3.133467	0.004035	-3.048643	0.004585	-3.768040	0.000299	-2.906734	0.006822
-3.742111	0.002523	-2.926633	0.008004	-3.085628	0.004561	-3.003015	0.005017	-3.717688	0.000373	-2.862814	0.007650
-3.674171	0.002709	-2.870251	0.009185	-3.037789	0.005180	-2.957387	0.005445	-3.667337	0.000464	-2.818894	0.008436
-3.606231	0.002941	-2.813869	0.010481	-2.989950	0.005874	-2.911759	0.005956	-3.616985	0.000579	-2.774975	0.009258
-3.538291	0.003155	-2.757487	0.011899	-2.942111	0.006661	-2.866131	0.006658	-3.566633	0.000730	-2.731055	0.010245
-3.470352	0.003401	-2.701106	0.013388	-2.894271	0.007559	-2.820503	0.007613	-3.516281	0.000918	-2.687136	0.011520
-3.402412	0.003777	-2.644724	0.014759	-2.846432	0.008528	-2.774874	0.008788	-3.465930	0.001136	-2.643216	0.013134
-3.334472	0.004230	-2.588342	0.015910	-2.798593	0.009504	-2.729246	0.010082	-3.415578	0.001380	-2.599296	0.015025
-3.266533	0.004727	-2.531960	0.017104	-2.750754	0.010475	-2.683618	0.011419	-3.365226	0.001640	-2.555377	0.017035
-3.198593	0.005388	-2.475578	0.018804	-2.702915	0.011497	-2.637990	0.012833	-3.314874	0.001899	-2.511457	0.019008
-3.130653	0.006253	-2.419196	0.021229	-2.655075	0.012660	-2.592362	0.014417	-3.264523	0.002143	-2.467538	0.020911
-3.062714	0.007079	-2.362814	0.024178	-2.607236	0.014065	-2.546734	0.016199	-3.214171	0.002375	-2.423618	0.022872
-2.994774	0.007718	-2.306432	0.027221	-2.559397	0.015781	-2.501106	0.018109	-3.163819	0.002628	-2.379698	0.025065
-2.926834	0.008381	-2.250050	0.030239	-2.511558	0.017761	-2.455477	0.020082	-3.113467	0.002960	-2.335779	0.027575
-2.858894	0.009266	-2.193668	0.033683	-2.463719	0.019878	-2.409849	0.022155	-3.063116	0.003442	-2.291859	0.030376
-2.790955	0.010418	-2.137286	0.037900	-2.415879	0.022067	-2.364221	0.024437	-3.012764	0.004117	-2.247940	0.033408
-2.723015	0.011865	-2.080905	0.042516	-2.368040	0.024399	-2.318593	0.027013	-2.962412	0.004954	-2.204020	0.036636
-2.655075	0.013490	-2.024523	0.047011	-2.320201	0.027022	-2.272965	0.029868	-2.912060	0.005866	-2.160101	0.040076
-2.587136	0.015220	-1.968141	0.051523	-2.272362	0.030018	-2.227337	0.032921	-2.861709	0.006805	-2.116181	0.043783
-2.519196	0.017425	-1.911759	0.056519	-2.224523	0.033355	-2.181709	0.036125	-2.811357	0.007810	-2.072261	0.047811
-2.451256	0.020229	-1.855377	0.062045	-2.176683	0.036959	-2.136080	0.039566	-2.761005	0.008942	-2.028342	0.052166
-2.383317	0.023257	-1.798995	0.068007	-2.128844	0.040804	-2.090452	0.043427	-2.710653	0.010236	-1.984422	0.056818
-2.315377	0.026279	-1.742613	0.074790	-2.081005	0.044890	-2.044824	0.047830	-2.660302	0.011722	-1.940503	0.061763
-2.247437	0.029215	-1.686231	0.082866	-2.033166	0.049191	-1.999196	0.052717	-2.609950	0.013443	-1.896583	0.067012
-2.179497	0.032406	-1.629849	0.092093	-1.985327	0.053669	-1.953568	0.057926	-2.559598	0.015412	-1.852663	0.072504
-2.111558	0.036280	-1.573467	0.101804	-1.937487	0.058344	-1.907940	0.063411	-2.509246	0.017616	-1.808744	0.078112
-2.043618	0.040862	-1.517085	0.111426	-1.889648	0.063350	-1.862312	0.069302	-2.458894	0.020036	-1.764824	0.083782
-1.975678	0.046183	-1.460704	0.121084	-1.841809	0.068888	-1.816683	0.075711	-2.408543	0.022614	-1.720905	0.089655
-1.907739	0.052201	-1.404322	0.131386	-1.793970	0.075060	-1.771055	0.082546	-2.358191	0.025296	-1.676985	0.095999
-1.839799	0.058729	-1.347940	0.142636	-1.746131	0.081767	-1.725427	0.089637	-2.307839	0.028121	-1.633065	0.103054
-1.771859	0.065954	-1.291558	0.154825	-1.698291	0.088834	-1.679799	0.096995	-2.257487	0.031217	-1.589146	0.110933
-1.703920	0.074403	-1.235176	0.168026	-1.650452	0.096242	-1.634171	0.104790	-2.207136	0.034712	-1.545226	0.119559
-1.635980	0.084252	-1.178794	0.182352	-1.602613	0.104154	-1.588543	0.113101	-2.156784	0.038677	-1.501307	0.128657
-1.568040	0.094786	-1.122412	0.197868	-1.554774	0.112692	-1.542915	0.121822	-2.106432	0.043148	-1.457387	0.137861
-1.500101	0.105504	-1.066030	0.214370	-1.506935	0.121781	-1.497286	0.130813	-2.056080	0.048142	-1.413467	0.146963
-1.432161	0.116982	-1.009648	0.231407	-1.459095	0.131260	-1.451658	0.139981	-2.005729	0.053646	-1.369548	0.156037
-1.364221	0.130201	-0.953266	0.248795	-1.411256	0.141008	-1.406030	0.149274	-1.955377	0.059632	-1.325628	0.165306
-1.296281	0.145128	-0.896884	0.266265	-1.363417	0.150895	-1.360402	0.158688	-1.905025	0.066073	-1.281709	0.174856
-1.228342	0.160844	-0.840503	0.282853	-1.315578	0.160794	-1.314774	0.168279	-1.854673	0.072901	-1.237789	0.184514
-1.160402	0.177770	-0.784121	0.297853	-1.267739	0.170800	-1.269146	0.178108	-1.804322	0.079988	-1.193869	0.194035
-1.092462	0.196996	-0.727739	0.311752	-1.219899	0.181307	-1.223518	0.188168	-1.753970	0.087249	-1.149950	0.203360
-1.024523	0.217536	-0.671357	0.325458	-1.172060	0.192741	-1.177889	0.198395	-1.703618	0.094749	-1.106030	0.212666
-0.956583	0.238622	-0.614975	0.339399	-1.124221	0.205175	-1.132261	0.208781	-1.653266	0.102670	-1.062111	0.222195
-0.888643	0.260123	-0.558593	0.353400	-1.076382	0.218218	-1.086633	0.219428	-1.602915	0.111233	-1.018191	0.232103
-0.820704	0.280612	-0.502211	0.366814	-1.028543	0.231384	-1.041005	0.230444	-1.552563	0.120648	-0.974271	0.242412
-0.752764	0.300725	-0.445829	0.378815	-0.980704	0.244610	-0.995377	0.241823	-1.502211	0.130997	-0.930352	0.253018
-0.684824	0.321281	-0.389447	0.388700	-0.932864	0.258153	-0.949749	0.253494	-1.451859	0.142105	-0.886432	0.263739
-0.616884	0.340705	-0.333065	0.396334	-0.885025	0.271817	-0.904121	0.265385	-1.401508	0.153580	-0.842513	0.274424
-0.548945	0.358579	-0.276683	0.402284	-0.837186	0.284702	-0.858492	0.277371	-1.351156	0.165015	-0.798593	0.284994
-0.481005	0.375112	-0.220302	0.407100	-0.789347	0.296052	-0.812864	0.289194	-1.300804	0.176172	-0.754673	0.295339
-0.413065	0.390397	-0.163920	0.411080	-0.741508	0.306109	-0.767236	0.300518	-1.250452	0.187087	-0.710754	0.305240
-0.345126	0.404289	-0.107538	0.414644	-0.693668	0.315838	-0.721608	0.311122	-1.200101	0.198021	-0.666834	0.314484
-0.277186	0.417327	-0.051156	0.418136	-0.645829	0.325947	-0.675980	0.320999	-1.149749	0.209293	-0.622915	0.323066
-0.209246	0.429733	0.005226	0.421418	-0.597990	0.336391	-0.630352	0.330214	-1.099397	0.220979	-0.578995	0.331237
-0.141307	0.439483	0.061608	0.423526	-0.550151	0.346696	-0.584724	0.338702	-1.049045	0.232722	-0.535075	0.339332
-0.073367	0.445554	0.117990	0.423060	-0.502312	0.356463	-0.539095	0.346372	-0.998693	0.244111	-0.491156	0.347485
-0.005427	0.448109	0.174372	0.419310	-0.454472	0.365546	-0.493467	0.353383	-0.948342	0.255311	-0.447236	0.355535
0.062513	0.447922	0.230754	0.412786	-0.406633	0.373935	-0.447839	0.360133	-0.897990	0.266863	-0.403317	0.363210
0.130452	0.445209	0.287136	0.404558	-0.358794	0.381497	-0.402211	0.366840	-0.847638	0.278836	-0.359397	0.370378
0.198392	0.438528	0.343518	0.395221	-0.310955	0.387868	-0.356583	0.373271	-0.797286	0.290633	-0.315477	0.377037
0.266332	0.428141	0.399899	0.384921	-0.263116	0.392866	-0.310955	0.378991	-0.746935	0.301620	-0.271558	0.383123
0.334271	0.415542	0.456281	0.373810	-0.215276	0.396970	-0.265327	0.383814	-0.696583	0.311623	-0.227638	0.388490
0.402211	0.400908	0.512663	0.361572	-0.167437	0.400921	-0.219698	0.387898	-0.646231	0.320841	-0.183719	0.393127
0.470151	0.383119	0.569045	0.347694	-0.119598	0.404743	-0.174070	0.391481	-0.595879	0.329547	-0.139799	0.397198
0.538090	0.362288	0.625427	0.332599	-0.071759	0.407692	-0.128442	0.394629	-0.545528	0.337959	-0.095879	0.400741
0.606030	0.339932	0.681809	0.317055	-0.023920	0.409228	-0.082814	0.397111	-0.495176	0.346259	-0.051960	0.403410
0.673970	0.317426	0.738191	0.301183	0.023920	0.409535	-0.037186	0.398437	-0.444824	0.354518	-0.008040	0.404647
0.741910	0.295654	0.794573	0.285207	0.071759	0.408965	0.008442	0.398117	-0.394472	0.362544	0.035879	0.404145
0.809849	0.274342	0.850955	0.269814	0.119598	0.407447	0.054070	0.396051	-0.344121	0.369891	0.079799	0.402165
0.877789	0.253227	0.907337	0.255091	0.167437	0.404598	0.099698	0.392728	-0.293769	0.376082	0.123719	0.399401
0.945729	0.232993	0.963719	0.240226	0.215276	0.400220	0.145327	0.388968	-0.243417	0.380895	0.167638	0.396518
1.013668	0.213835	1.020101	0.224589	0.263116	0.394630	0.190955	0.385406	-0.193065	0.384454	0.211558	0.393742
1.081608	0.196026	1.076482	0.208555	0.310955	0.388413	0.236583	0.382150	-0.142714	0.387058	0.255477	0.390769
1.149548	0.180177	1.132864	0.193031	0.358794	0.381749	0.282211	0.378851	-0.092362	0.389000	0.299397	0.386987
1.217487	0.165118	1.189246	0.178368	0.406633	0.374153	0.327839	0.375027	-0.042010	0.390570	0.343317	0.381831
1.285427	0.149237	1.245628	0.164370	0.454472	0.365047	0.373467	0.370341	0.008342	0.391976	0.387236	0.375123
1.353367	0.133089	1.302010	0.151302	0.502312	0.354462	0.419095	0.364718	0.058693	0.392973	0.431156	0.367177
1.421307	0.118645	1.358392	0.139788	0.550151	0.343090	0.464724	0.358271	0.109045	0.392781	0.475075	0.358625
1.489246	0.106590	1.414774	0.129641	0.597990	0.331769	0.510352	0.351102	0.159397	0.390713	0.518995	0.350011
1.557186	0.096132	1.471156	0.119888	0.645829	0.320945	0.555980	0.343189	0.209749	0.386891	0.562915	0.341452
1.625126	0.086283	1.527538	0.110046	0.693668	0.310467	0.601608	0.334509	0.260101	0.382189	0.606834	0.332613
1.693065	0.076582	1.583920	0.100400	0.741508	0.299790	0.647236	0.325226	0.310452	0.377396	0.650754	0.323113
1.761005	0.067708	1.640302	0.091251	0.789347	0.288487	0.692864	0.315617	0.360804	0.372470	0.694673	0.312993
1.828945	0.060353	1.696683	0.082814	0.837186	0.276633	0.738492	0.305816	0.411156	0.366729	0.738593	0.302790
1.896884	0.054055	1.753065	0.075385	0.885025	0.264642	0.784121	0.295733	0.461508	0.359717	0.782513	0.293102
1.964824	0.048177	1.809447	0.069048	0.932864	0.252803	0.829749	0.285191	0.511859	0.351613	0.826432	0.284065
2.032764	0.042588	1.865829	0.063481	0.980704	0.241074	0.875377	0.274078	0.562211	0.342815	0.870352	0.275266
2.100704	0.037577	1.922211	0.058305	1.028543	0.229220	0.921005	0.262463	0.612563	0.333431	0.914271	0.266129
2.168643	0.033374	1.978593	0.053365	1.076382	0.216981	0.966633	0.250586	0.662915	0.323273	0.958191	0.256345
2.236583	0.029994	2.034975	0.048527	1.124221	0.204335	1.012261	0.238724	0.713266	0.312185	1.002111	0.245926
2.304523	0.027171	2.091357	0.043718	1.172060	0.191675	1.057889	0.227044	0.763618	0.300310	1.046030	0.234990
2.372462	0.024500	2.147739	0.039187	1.219899	0.179534	1.103518	0.215619	0.813970	0.288035	1.089950	0.223655
2.440402	0.021894	2.204121	0.035275	1.267739	0.168127	1.149146	0.204505	0.864322	0.275729	1.133869	0.212133
2.508342	0.019320	2.260503	0.031898	1.315578	0.157396	1.194774	0.193760	0.914673	0.263519	1.177789	0.200737
2.576281	0.016922	2.316884	0.028599	1.363417	0.147422	1.240402	0.183440	0.965025	0.251304	1.221709	0.189754
2.644221	0.015095	2.373266	0.025169	1.411256	0.138397	1.286030	0.173587	1.015377	0.239074	1.265628	0.179323
2.712161	0.013617	2.429648	0.021875	1.459095	0.130229	1.331658	0.164181	1.065729	0.227120	1.309548	0.169414
2.780101	0.011927	2.486030	0.019113	1.506935	0.122486	1.377286	0.155144	1.116080	0.215681	1.353467	0.159864
2.848040	0.010022	2.542412	0.017025	1.554774	0.114797	1.422915	0.146389	1.166432	0.204514	1.397387	0.150490
2.915980	0.008495	2.598794	0.015373	1.602613	0.107104	1.468543	0.137835	1.216784	0.193198	1.441307	0.141246
2.983920	0.007677	2.655176	0.013797	1.650452	0.099541	1.514171	0.129384	1.267136	0.181797	1.485226	0.132254
3.051859	0.007075	2.711558	0.012211	1.698291	0.092256	1.559799	0.120949	1.317487	0.170784	1.529146	0.123669
3.119799	0.006131	2.767940	0.010780	1.746131	0.085350	1.605427	0.112512	1.367839	0.160354	1.573065	0.115516
3.187739	0.005098	2.824322	0.009589	1.793970	0.078873	1.651055	0.104109	1.418191	0.150243	1.616985	0.107658
3.255678	0.004445	2.880704	0.008562	1.841809	0.072770	1.696683	0.095802	1.468543	0.140182	1.660905	0.099926
3.323618	0.004071	2.937085	0.007633	1.889648	0.066863	1.742312	0.087725	1.518894	0.130140	1.704824	0.092261
3.391558	0.003714	2.993467	0.006784	1.937487	0.061020	1.787940	0.080098	1.569246	0.120182	1.748744	0.084795
3.459497	0.003373	3.049849	0.006000	1.985327	0.055367	1.833568	0.073113	1.619598	0.110440	1.792663	0.077765
3.527437	0.003132	3.106231	0.005282	2.033166	0.050182	1.879196	0.066803	1.669950	0.101168	1.836583	0.071333
3.595377	0.002981	3.162613	0.004656	2.081005	0.045577	1.924824	0.061080	1.720302	0.092597	1.880503	0.065486
3.663317	0.002764	3.218995	0.004153	2.128844	0.041425	1.970452	0.055876	1.770653	0.084749	1.924422	0.060124
3.731256	0.002445	3.275377	0.003773	2.176683	0.037600	2.016080	0.051181	1.821005	0.077430	1.968342	0.055174
3.799196	0.002172	3.331759	0.003495	2.224523	0.034075	2.061709	0.046952	1.871357	0.070456	2.012261	0.050590
3.867136	0.001961	3.388141	0.003278	2.272362	0.030799	2.107337	0.043056	1.921709	0.063853	2.056181	0.046304
3.935075	0.001735	3.444523	0.003049	2.320201	0.027716	2.152965	0.039344	1.972060	0.057765	2.100101	0.042246
4.003015	0.001517	3.500905	0.002732	2.368040	0.024892	2.198593	0.035744	2.022412	0.052194	2.144020	0.038410
4.070955	0.001364	3.557286	0.002348	2.415879	0.022435	2.244221	0.032252	2.072764	0.046972	2.187940	0.034850
4.138894	0.001269	3.613668	0.002009	2.463719	0.020321	2.289849	0.028898	2.123116	0.041959	2.231859	0.031603
4.206834	0.001189	3.670050	0.001780	2.511558	0.018405	2.335477	0.025734	2.173467	0.037176	2.275779	0.028653
4.274774	0.001078	3.726432	0.001597	2.559397	0.016574	2.381106	0.022846	2.223819	0.032754	2.319698	0.025952
4.342714	0.000905	3.782814	0.001378	2.607236	0.014822	2.426734	0.020329	2.274171	0.028845	2.363618	0.023464
4.410653	0.000700	3.839196	0.001153	2.655075	0.013194	2.472362	0.018227	2.324523	0.025526	2.407538	0.021169
4.478593	0.000577	3.895578	0.001007	2.702915	0.011716	2.517990	0.016493	2.374874	0.022751	2.451457	0.019068
4.546533	0.000554	3.951960	0.000950	2.750754	0.010377	2.563618	0.014994	2.425226	0.020386	2.495377	0.017183
4.614472	0.000567	4.008342	0.000920	2.798593	0.009185	2.609246	0.013595	2.475578	0.018264	2.539296	0.015532
4.682412	0.000594	4.064724	0.000867	2.846432	0.008161	2.654874	0.012252	2.525930	0.016231	2.583216	0.014095
4.750352	0.000568	4.121106	0.000775	2.894271	0.007266	2.700503	0.011006	2.576281	0.014220	2.627136	0.012811
4.818291	0.000458	4.177487	0.000649	2.942111	0.006412	2.746131	0.009893	2.626633	0.012280	2.671055	0.011621
4.886231	0.000344	4.233869	0.000513	2.989950	0.005559	2.791759	0.008884	2.676985	0.010512	2.714975	0.010513
4.954171	0.000311	4.290251	0.000405	3.037789	0.004756	2.837387	0.007919	2.727337	0.008997	2.758894	0.009500
5.022111	0.000308	4.346633	0.000343	3.085628	0.004070	2.883015	0.006978	2.777688	0.007763	2.802814	0.008580
5.090050	0.000244	4.403015	0.000306	3.133467	0.003539	2.928643	0.006092	2.828040	0.006785	2.846734	0.007717
5.157990	0.000164	4.459397	0.000274	3.181307	0.003152	2.974271	0.005295	2.878392	0.005988	2.890653	0.006884
5.225930	0.000123	4.515779	0.000246	3.229146	0.002852	3.019899	0.004597	2.928744	0.005269	2.934573	0.006092
5.293869	0.000104	4.572161	0.000222	3.276985	0.002568	3.065528	0.003988	2.979095	0.004558	2.978492	0.005371
5.361809	0.000094	4.628543	0.000200	3.324824	0.002270	3.111156	0.003472	3.029447	0.003853	3.022412	0.004747
5.429749	0.000092	4.684925	0.000174	3.372663	0.001979	3.156784	0.003063	3.079799	0.003217	3.066332	0.004215
5.497688	0.000088	4.741307	0.000141	3.420503	0.001739	3.202412	0.002745	3.130151	0.002708	3.110251	0.003754
5.565628	0.000083	4.797688	0.000109	3.468342	0.001578	3.248040	0.002454	3.180503	0.002323	3.154171	0.003338
5.633568	0.000067	4.854070	0.000086	3.516181	0.001498	3.293668	0.002131	3.230854	0.002011	3.198090	0.002950
5.701508	0.000036	4.910452	0.000068	3.564020	0.001462	3.339296	0.001773	3.281206	0.001728	3.242010	0.002580
5.769447	0.000011	4.966834	0.000048	3.611859	0.001407	3.384925	0.001426	3.331558	0.001456	3.285930	0.002232
5.837387	0.000003	5.023216	0.000026	3.659698	0.001285	3.430553	0.001136	3.381910	0.001196	3.329849	0.001915
5.905327	0.000007	5.079598	0.000010	3.707538	0.001111	3.476181	0.000920	3.432261	0.000958	3.373769	0.001633
5.973266	0.000022	5.135980	0.000003	3.755377	0.000938	3.521809	0.000774	3.482613	0.000757	3.417688	0.001385
6.041206	0.000040	5.192362	0.000001	3.803216	0.000803	3.567437	0.000686	3.532965	0.000606	3.461608	0.001166
6.109146	0.000040	5.248744	0.000003	3.851055	0.000697	3.613065	0.000635	3.583317	0.000507	3.505528	0.000978
6.177085	0.000024	5.305126	0.000010	3.898894	0.000593	3.658693	0.000596	3.633668	0.000451	3.549447	0.000826
6.245025	0.000015	5.361508	0.000018	3.946734	0.000490	3.704322	0.000540	3.684020	0.000424	3.593367	0.000710
6.312965	0.000020	5.417889	0.000022	3.994573	0.000402	3.749950	0.000458	3.734372	0.000419	3.637286	0.000616
6.380905	0.000023	5.474271	0.000017	4.042412	0.000341	3.795578	0.000360	3.784724	0.000419	3.681206	0.000532
6.448844	0.000013	5.530653	0.000009	4.090251	0.000304	3.841206	0.000270	3.835075	0.000401	3.725126	0.000454
6.516784	0.000004	5.587035	0.000003	4.138090	0.000280	3.886834	0.000204	3.885427	0.000349	3.769045	0.000388
6.584724	0.000001	5.643417	0.000001	4.185930	0.000256	3.932462	0.000164	3.935779	0.000271	3.812965	0.000343
6.652663	0.000000	5.699799	0.000000	4.233769	0.000225	3.978090	0.000144	3.986131	0.000187	3.856884	0.000318
6.720603	0.000000	5.756181	0.000000	4.281608	0.000190	4.023719	0.000134	4.036482	0.000115	3.900804	0.000300
6.788543	0.000000	5.812563	0.000001	4.329447	0.000158	4.069347	0.000126	4.086834	0.000066	3.944724	0.000275
6.856482	0.000003	5.868945	0.000003	4.377286	0.000136	4.114975	0.000115	4.137186	0.000042	3.988643	0.000234
6.924422	0.000011	5.925327	0.000009	4.425126	0.000122	4.160603	0.000101	4.187538	0.000037	4.032563	0.000182
6.992362	0.000021	5.981709	0.000018	4.472965	0.000112	4.206231	0.000090	4.237889	0.000042	4.076482	0.000133
7.060302	0.000021	6.038090	0.000022	4.520804	0.000101	4.251859	0.000086	4.288241	0.000049	4.120402	0.000101
7.128241	0.000011	6.094472	0.000019	4.568643	0.000086	4.297487	0.000089	4.338593	0.000056	4.164322	0.000086
7.196181	0.000008	6.150854	0.000014	4.616482	0.000068	4.343116	0.000092	4.388945	0.000062	4.208241	0.000083
7.264121	0.000021	6.207236	0.000015	4.664322	0.000051	4.388744	0.000092	4.439296	0.000062	4.252161	0.000082
7.332060	0.000040	6.263618	0.000020	4.712161	0.000038	4.434372	0.000086	4.489648	0.000054	4.296080	0.000075
7.400000	0.000042	6.320000	0.000022	4.760000	0.000029	4.480000	0.000072	4.540000	0.000040	4.340000	0.000060
