-8.080000	0.000025	-6.930000	0.000047	-6.600000	0.000026	-6.650000	0.000023	-4.900000	0.000021	-4.200000	0.000032
-7.997889	0.000018	-6.857538	0.000040	-6.535075	0.000026	-6.590101	0.000022	-4.848744	0.000021	-4.153668	0.000038
-7.915779	0.000008	-6.785075	0.000014	-6.470151	0.000029	-6.530201	0.000013	-4.797487	0.000016	-4.107337	0.000042
-7.833668	0.000021	-6.712613	0.000002	-6.405226	0.000039	-6.470302	0.000004	-4.746231	0.000011	-4.061005	0.000047
-7.751558	0.000028	-6.640151	0.000000	-6.340302	0.000042	-6.410402	0.000001	-4.694975	0.000011	-4.014673	0.000057
-7.669447	0.000028	-6.567688	0.000002	-6.275377	0.000040	-6.350503	0.000000	-4.643719	0.000018	-3.968342	0.000075
-7.587337	0.000031	-6.495226	0.000013	-6.210452	0.000034	-6.290603	0.000000	-4.592462	0.000025	-3.922010	0.000095
-7.505226	0.000030	-6.422764	0.000038	-6.145528	0.000024	-6.230704	0.000001	-4.541206	0.000029	-3.875678	0.000112
-7.423116	0.000024	-6.350302	0.000060	-6.080603	0.000017	-6.170804	0.000005	-4.489950	0.000031	-3.829347	0.000124
-7.341005	0.000007	-6.277839	0.000066	-6.015678	0.000034	-6.110905	0.000015	-4.438693	0.000034	-3.783015	0.000133
-7.258894	0.000001	-6.205377	0.000064	-5.950754	0.000065	-6.051005	0.000024	-4.387437	0.000037	-3.736683	0.000143
-7.176784	0.000000	-6.132915	0.000056	-5.885829	0.000076	-5.991106	0.000023	-4.336181	0.000043	-3.690352	0.000161
-7.094673	0.000000	-6.060452	0.000054	-5.820905	0.000075	-5.931206	0.000022	-4.284925	0.000054	-3.644020	0.000196
-7.012563	0.000000	-5.987990	0.000062	-5.755980	0.000098	-5.871307	0.000034	-4.233668	0.000071	-3.597688	0.000258
-6.930452	0.000000	-5.915528	0.000086	-5.691055	0.000114	-5.811407	0.000057	-4.182412	0.000091	-3.551357	0.000350
-6.848342	0.000000	-5.843065	0.000106	-5.626131	0.000115	-5.751508	0.000070	-4.131156	0.000111	-3.505025	0.000464
-6.766231	0.000004	-5.770603	0.000115	-5.561206	0.000139	-5.691608	0.000065	-4.079899	0.000137	-3.458693	0.000588
-6.684121	0.000021	-5.698141	0.000149	-5.496281	0.000170	-5.631709	0.000051	-4.028643	0.000174	-3.412362	0.000715
-6.602010	0.000039	-5.625678	0.000193	-5.431357	0.000183	-5.571809	0.000047	-3.977387	0.000232	-3.366030	0.000853
-6.519899	0.000072	-5.553216	0.000260	-5.366432	0.000189	-5.511910	0.000074	-3.926131	0.000311	-3.319698	0.001011
-6.437789	0.000088	-5.480754	0.000325	-5.301508	0.000171	-5.452010	0.000123	-3.874874	0.000407	-3.273367	0.001183
-6.355678	0.000063	-5.408291	0.000300	-5.236583	0.000124	-5.392111	0.000149	-3.823618	0.000494	-3.227035	0.001358
-6.273568	0.000074	-5.335829	0.000298	-5.171658	0.000103	-5.332211	0.000137	-3.772362	0.000549	-3.180704	0.001541
-6.191457	0.000092	-5.263367	0.000336	-5.106734	0.000155	-5.272312	0.000116	-3.721106	0.000574	-3.134372	0.001756
-6.109347	0.000118	-5.190905	0.000318	-5.041809	0.000267	-5.212412	0.000104	-3.669849	0.000599	-3.088040	0.002027
-6.027236	0.000170	-5.118442	0.000333	-4.976884	0.000397	-5.152513	0.000112	-3.618593	0.000659	-3.041709	0.002365
-5.945126	0.000157	-5.045980	0.000479	-4.911960	0.000492	-5.092613	0.000147	-3.567337	0.000778	-2.995377	0.002775
-5.863015	0.000197	-4.973518	0.000661	-4.847035	0.000538	-5.032714	0.000199	-3.516080	0.000968	-2.949045	0.003251
-5.780905	0.000225	-4.901055	0.000757	-4.782111	0.000618	-4.972814	0.000255	-3.464824	0.001233	-2.902714	0.003788
-5.698794	0.000164	-4.828593	0.000830	-4.717186	0.000713	-4.912915	0.000285	-3.413568	0.001566	-2.856382	0.004389
-5.616683	0.000147	-4.756131	0.000895	-4.652261	0.000769	-4.853015	0.000272	-3.362312	0.001930	-2.810050	0.005069
-5.534573	0.000218	-4.683668	0.000906	-4.587337	0.000866	-4.793116	0.000268	-3.311055	0.002267	-2.763719	0.005855
-5.452462	0.000318	-4.611206	0.000946	-4.522412	0.001047	-4.733216	0.000340	-3.259799	0.002545	-2.717387	0.006766
-5.370352	0.000347	-4.538744	0.001058	-4.457487	0.001191	-4.673317	0.000452	-3.208543	0.002795	-2.671055	0.007793
-5.288241	0.000348	-4.466281	0.001091	-4.392563	0.001211	-4.613417	0.000503	-3.157286	0.003113	-2.624724	0.008902
-5.206131	0.000412	-4.393819	0.001104	-4.327638	0.001220	-4.553518	0.000497	-3.106030	0.003579	-2.578392	0.010072
-5.124020	0.000485	-4.321357	0.001257	-4.262714	0.001288	-4.493618	0.000497	-3.054774	0.004159	-2.532060	0.011324
-5.041910	0.000524	-4.248894	0.001517	-4.197789	0.001406	-4.433719	0.000551	-3.003518	0.004773	-2.485729	0.012727
-4.959799	0.000530	-4.176432	0.001694	-4.132864	0.001563	-4.373819	0.000704	-2.952261	0.005433	-2.439397	0.014404
-4.877688	0.000600	-4.103970	0.001720	-4.067940	0.001751	-4.313920	0.000942	-2.901005	0.006253	-2.393065	0.016506
-4.795578	0.000718	-4.031508	0.001778	-4.003015	0.002036	-4.254020	0.001161	-2.849749	0.007298	-2.346734	0.019110
-4.713467	0.000843	-3.959045	0.002047	-3.938090	0.002412	-4.194121	0.001268	-2.798492	0.008534	-2.300402	0.022128
-4.631357	0.000887	-3.886583	0.002385	-3.873166	0.002713	-4.134221	0.001285	-2.747236	0.009901	-2.254070	0.025343
-4.549246	0.000931	-3.814121	0.002697	-3.808241	0.002860	-4.074322	0.001321	-2.695980	0.011372	-2.207739	0.028579
-4.467136	0.001003	-3.741658	0.003087	-3.743317	0.003024	-4.014422	0.001460	-2.644724	0.012951	-2.161407	0.031858
-4.385025	0.000917	-3.669196	0.003463	-3.678392	0.003326	-3.954523	0.001709	-2.593467	0.014709	-2.115075	0.035401
-4.302915	0.000963	-3.596734	0.003659	-3.613467	0.003758	-3.894623	0.001999	-2.542211	0.016740	-2.068744	0.039437
-4.220804	0.001201	-3.524271	0.004002	-3.548543	0.004255	-3.834724	0.002251	-2.490955	0.019030	-2.022412	0.043984
-4.138693	0.001472	-3.451809	0.004699	-3.483618	0.004686	-3.774824	0.002487	-2.439698	0.021431	-1.976080	0.048896
-4.056583	0.001801	-3.379347	0.005447	-3.418693	0.005018	-3.714925	0.002759	-2.388442	0.023811	-1.929749	0.054141
-3.974472	0.001906	-3.306884	0.006052	-3.353769	0.005471	-3.655025	0.003078	-2.337186	0.026194	-1.883417	0.059897
-3.892362	0.002194	-3.234422	0.006722	-3.288844	0.006015	-3.595126	0.003515	-2.285930	0.028777	-1.837085	0.066296
-3.810251	0.002548	-3.161960	0.007589	-3.223920	0.006574	-3.535226	0.004054	-2.234673	0.031846	-1.790754	0.073204
-3.728141	0.002602	-3.089497	0.008390	-3.158995	0.007231	-3.475327	0.004545	-2.183417	0.035583	-1.744422	0.080380
-3.646030	0.003014	-3.017035	0.009175	-3.094070	0.007987	-3.415427	0.004935	-2.132161	0.039936	-1.698090	0.087744
-3.563920	0.003547	-2.944573	0.009943	-3.029146	0.008976	-3.355528	0.005331	-2.080905	0.044704	-1.651759	0.095412
-3.481809	0.004055	-2.872111	0.010770	-2.964221	0.010301	-3.295628	0.005791	-2.029648	0.049688	-1.605427	0.103594
-3.399698	0.004822	-2.799648	0.012156	-2.899296	0.011736	-3.235729	0.006265	-1.978392	0.054806	-1.559095	0.112535
-3.317588	0.005288	-2.727186	0.013649	-2.834372	0.013230	-3.175829	0.006762	-1.927136	0.060126	-1.512764	0.122480
-3.235477	0.005484	-2.654724	0.015428	-2.769447	0.015015	-3.115930	0.007428	-1.875879	0.065744	-1.466432	0.133550
-3.153367	0.006223	-2.582261	0.017634	-2.704523	0.016690	-3.056030	0.008315	-1.824623	0.071607	-1.420101	0.145592
-3.071256	0.006921	-2.509799	0.018964	-2.639598	0.017839	-2.996131	0.009304	-1.773367	0.077566	-1.373769	0.158209
-2.989146	0.007588	-2.437337	0.019791	-2.574673	0.018684	-2.936231	0.010378	-1.722111	0.083726	-1.327437	0.171035
-2.907035	0.009002	-2.364874	0.021835	-2.509749	0.019826	-2.876332	0.011644	-1.670854	0.090559	-1.281106	0.183964
-2.824925	0.010511	-2.292412	0.024803	-2.444824	0.021921	-2.816432	0.013207	-1.619598	0.098449	-1.234774	0.197027
-2.742814	0.011539	-2.219950	0.027897	-2.379899	0.024924	-2.756533	0.014947	-1.568342	0.107291	-1.188442	0.210106
-2.660704	0.012908	-2.147487	0.031455	-2.314975	0.027906	-2.696633	0.016545	-1.517085	0.116643	-1.142111	0.222968
-2.578593	0.014977	-2.075025	0.035028	-2.250050	0.030574	-2.636734	0.017997	-1.465829	0.126100	-1.095779	0.235608
-2.496482	0.017280	-2.002563	0.038295	-2.185126	0.033764	-2.576834	0.019693	-1.414573	0.135592	-1.049447	0.248352
-2.414372	0.019498	-1.930101	0.042965	-2.120201	0.037470	-2.516935	0.021746	-1.363317	0.145472	-1.003116	0.261420
-2.332261	0.021801	-1.857638	0.048467	-2.055276	0.041008	-2.457035	0.023861	-1.312060	0.156252	-0.956784	0.274560
-2.250151	0.024462	-1.785176	0.053649	-1.990352	0.044817	-2.397136	0.026089	-1.260804	0.168183	-0.910452	0.287331
-2.168040	0.027606	-1.712714	0.059290	-1.925427	0.049422	-2.337236	0.028804	-1.209548	0.181067	-0.864121	0.299630
-2.085930	0.031717	-1.640251	0.067169	-1.860503	0.054225	-2.277337	0.031972	-1.158291	0.194411	-0.817789	0.311662
-2.003819	0.036443	-1.567789	0.078242	-1.795578	0.059036	-2.217437	0.035197	-1.107035	0.207768	-0.771457	0.323511
-1.921709	0.041816	-1.495327	0.090299	-1.730653	0.064391	-2.157538	0.038542	-1.055779	0.221059	-0.725126	0.334999
-1.839598	0.048198	-1.422864	0.101283	-1.665729	0.070834	-2.097638	0.042420	-1.004523	0.234533	-0.678794	0.345919
-1.757487	0.055521	-1.350402	0.112133	-1.600804	0.078509	-2.037739	0.046814	-0.953266	0.248381	-0.632462	0.356183
-1.675377	0.065429	-1.277940	0.124913	-1.535879	0.086900	-1.977839	0.051158	-0.902010	0.262585	-0.586131	0.365787
-1.593266	0.076699	-1.205477	0.141183	-1.470955	0.095728	-1.917940	0.055183	-0.850754	0.277176	-0.539799	0.374756
-1.511156	0.086482	-1.133015	0.160052	-1.406030	0.105347	-1.858040	0.059482	-0.799497	0.292239	-0.493467	0.383112
-1.429045	0.097304	-1.060553	0.180477	-1.341106	0.116759	-1.798141	0.064537	-0.748241	0.307533	-0.447136	0.390781
-1.346935	0.112726	-0.988090	0.203219	-1.276181	0.129759	-1.738241	0.070071	-0.696985	0.322526	-0.400804	0.397479
-1.264824	0.129482	-0.915628	0.228756	-1.211256	0.142745	-1.678342	0.075887	-0.645729	0.336975	-0.354472	0.402790
-1.182714	0.146402	-0.843166	0.254980	-1.146332	0.156144	-1.618442	0.082310	-0.594472	0.351004	-0.308141	0.406513
-1.100603	0.168652	-0.770704	0.283269	-1.081407	0.171079	-1.558543	0.089623	-0.543216	0.364328	-0.261809	0.408843
-1.018492	0.195281	-0.698241	0.315198	-1.016482	0.187519	-1.498643	0.097871	-0.491960	0.375976	-0.215477	0.410117
-0.936382	0.224386	-0.625779	0.348409	-0.951558	0.206901	-1.438744	0.107139	-0.440704	0.385301	-0.169146	0.410541
-0.854271	0.256246	-0.553317	0.380386	-0.886633	0.230003	-1.378844	0.117519	-0.389447	0.392931	-0.122814	0.410231
-0.772161	0.289516	-0.480854	0.411108	-0.821709	0.254833	-1.318945	0.128823	-0.338191	0.400154	-0.076482	0.409276
-0.690050	0.323542	-0.408392	0.440983	-0.756784	0.279392	-1.259045	0.140496	-0.286935	0.407333	-0.030151	0.407542
-0.607940	0.359706	-0.335930	0.468517	-0.691859	0.304144	-1.199146	0.152469	-0.235678	0.413318	0.016181	0.404601
-0.525829	0.398039	-0.263467	0.491388	-0.626935	0.330509	-1.139246	0.165088	-0.184422	0.416765	0.062513	0.400072
-0.443719	0.437466	-0.191005	0.507984	-0.562010	0.358478	-1.079347	0.178592	-0.133166	0.417910	0.108844	0.394117
-0.361608	0.472942	-0.118543	0.515729	-0.497085	0.387073	-1.019447	0.193665	-0.081910	0.418481	0.155176	0.387444
-0.279497	0.500039	-0.046080	0.514034	-0.432161	0.414411	-0.959548	0.210311	-0.030653	0.419758	0.201508	0.380696
-0.197387	0.516365	0.026382	0.506536	-0.367236	0.438014	-0.899648	0.227879	0.020603	0.421140	0.247839	0.373930
-0.115276	0.524379	0.098844	0.494288	-0.302312	0.458149	-0.839749	0.246828	0.071859	0.420886	0.294171	0.366838
-0.033166	0.525291	0.171307	0.474707	-0.237387	0.476035	-0.779849	0.267435	0.123116	0.418071	0.340503	0.359253
0.048945	0.516297	0.243769	0.449424	-0.172462	0.490117	-0.719950	0.288458	0.174372	0.413262	0.386834	0.351132
0.131055	0.495809	0.316231	0.422534	-0.107538	0.499248	-0.660050	0.308833	0.225628	0.407237	0.433166	0.342270
0.213166	0.467402	0.388693	0.393880	-0.042613	0.503640	-0.600151	0.329163	0.276884	0.399743	0.479497	0.332482
0.295276	0.433123	0.461156	0.364000	0.022312	0.501566	-0.540251	0.350947	0.328141	0.390025	0.525829	0.321959
0.377387	0.397975	0.533618	0.334824	0.087236	0.492423	-0.480352	0.374337	0.379397	0.378035	0.572161	0.311159
0.459497	0.365930	0.606080	0.308373	0.152161	0.478560	-0.420452	0.397360	0.430653	0.364386	0.618492	0.300495
0.541608	0.331406	0.678543	0.285747	0.217085	0.460669	-0.360553	0.417481	0.481910	0.349670	0.664824	0.290316
0.623719	0.297669	0.751005	0.264577	0.282010	0.438316	-0.300653	0.433961	0.533166	0.334625	0.711156	0.280894
0.705829	0.270552	0.823467	0.241947	0.346935	0.415425	-0.240754	0.448531	0.584422	0.320272	0.757487	0.272084
0.787940	0.244008	0.895930	0.219995	0.411859	0.394289	-0.180854	0.462784	0.635678	0.307089	0.803819	0.263123
0.870050	0.217940	0.968392	0.199918	0.476784	0.371536	-0.120955	0.475203	0.686935	0.294688	0.850151	0.253104
0.952161	0.195185	1.040854	0.181045	0.541709	0.345744	-0.061055	0.482427	0.738191	0.282613	0.896482	0.241734
1.034271	0.175407	1.113317	0.164456	0.606633	0.320109	-0.001156	0.483631	0.789447	0.270770	0.942814	0.229600
1.116382	0.157763	1.185779	0.150196	0.671558	0.296970	0.058744	0.480776	0.840704	0.259066	0.989146	0.217727
1.198492	0.141444	1.258241	0.137313	0.736482	0.275535	0.118643	0.474155	0.891960	0.247318	1.035477	0.206885
1.280603	0.126052	1.330704	0.124015	0.801407	0.255362	0.178543	0.462428	0.943216	0.235364	1.081809	0.197180
1.362714	0.110752	1.403166	0.110515	0.866332	0.236782	0.238442	0.447703	0.994472	0.223028	1.128141	0.188181
1.444824	0.097660	1.475628	0.098823	0.931256	0.218797	0.298342	0.433328	1.045729	0.210339	1.174472	0.179401
1.526935	0.085979	1.548090	0.089502	0.996181	0.200913	0.358241	0.418000	1.096985	0.197777	1.220804	0.170664
1.609045	0.075486	1.620553	0.081463	1.061106	0.184787	0.418141	0.399459	1.148241	0.185867	1.267136	0.162045
1.691156	0.066015	1.693015	0.073223	1.126030	0.170513	0.478040	0.378671	1.199497	0.174684	1.313467	0.153626
1.773266	0.057870	1.765477	0.064490	1.190955	0.156366	0.537940	0.356732	1.250754	0.164073	1.359799	0.145391
1.855377	0.051601	1.837940	0.057136	1.255879	0.142374	0.597839	0.333409	1.302010	0.154063	1.406131	0.137361
1.937487	0.046956	1.910402	0.051727	1.320804	0.130209	0.657739	0.309994	1.353266	0.144741	1.452462	0.129663
2.019598	0.042159	1.982864	0.046993	1.385729	0.120364	0.717638	0.289560	1.404523	0.135956	1.498794	0.122346
2.101709	0.037452	2.055327	0.042498	1.450653	0.111188	0.777538	0.272744	1.455779	0.127428	1.545126	0.115207
2.183819	0.033493	2.127789	0.038116	1.515578	0.101661	0.837437	0.256800	1.507035	0.119071	1.591457	0.107984
2.265930	0.029732	2.200251	0.033866	1.580503	0.092287	0.897337	0.239779	1.558291	0.111004	1.637789	0.100748
2.348040	0.026521	2.272714	0.030157	1.645427	0.083651	0.957236	0.222656	1.609548	0.103280	1.684121	0.093905
2.430151	0.023381	2.345176	0.026848	1.710352	0.075524	1.017136	0.206826	1.660804	0.095794	1.730452	0.087754
2.512261	0.019926	2.417638	0.024097	1.775276	0.067332	1.077035	0.191918	1.712060	0.088498	1.776784	0.082224
2.594372	0.017514	2.490101	0.021694	1.840201	0.059551	1.136935	0.177431	1.763317	0.081563	1.823116	0.077095
2.676482	0.016271	2.562563	0.018992	1.905126	0.053169	1.196834	0.163420	1.814573	0.075227	1.869447	0.072278
2.758593	0.014809	2.635025	0.016560	1.970050	0.048079	1.256734	0.149793	1.865829	0.069590	1.915779	0.067763
2.840704	0.013389	2.707487	0.014710	2.034975	0.043670	1.316633	0.136915	1.917085	0.064517	1.962111	0.063437
2.922814	0.011950	2.779950	0.013156	2.099899	0.039780	1.376533	0.125760	1.968342	0.059670	2.008442	0.059145
3.004925	0.010654	2.852412	0.012096	2.164824	0.036238	1.436432	0.116545	2.019598	0.054781	2.054774	0.054897
3.087035	0.009291	2.924874	0.011491	2.229749	0.032800	1.496332	0.108114	2.070854	0.049987	2.101106	0.050834
3.169146	0.008239	2.997337	0.010588	2.294673	0.029227	1.556231	0.099105	2.122111	0.045648	2.147437	0.047007
3.251256	0.007727	3.069799	0.009251	2.359598	0.025704	1.616131	0.089611	2.173367	0.041853	2.193769	0.043340
3.333367	0.007268	3.142261	0.008104	2.424523	0.022821	1.676030	0.080828	2.224623	0.038346	2.240101	0.039829
3.415477	0.006487	3.214724	0.007284	2.489447	0.020629	1.735930	0.073250	2.275879	0.034881	2.286432	0.036640
3.497588	0.005678	3.287186	0.006406	2.554372	0.018830	1.795829	0.066777	2.327136	0.031494	2.332764	0.033919
3.579698	0.005221	3.359648	0.005597	2.619296	0.017141	1.855729	0.061352	2.378392	0.028413	2.379095	0.031567
3.661809	0.004495	3.432111	0.005018	2.684221	0.015392	1.915628	0.056399	2.429648	0.025766	2.425427	0.029298
3.743920	0.003617	3.504573	0.004345	2.749146	0.013696	1.975528	0.051186	2.480905	0.023424	2.471759	0.026907
3.826030	0.003253	3.577035	0.003635	2.814070	0.012239	2.035427	0.045907	2.532161	0.021176	2.518090	0.024392
3.908141	0.003055	3.649497	0.003314	2.878995	0.010932	2.095327	0.041264	2.583417	0.018981	2.564422	0.021858
3.990251	0.003022	3.721960	0.003059	2.943920	0.009573	2.155226	0.037381	2.634673	0.016910	2.610754	0.019435
4.072362	0.002805	3.794422	0.002777	3.008844	0.008259	2.215126	0.033728	2.685930	0.014973	2.657085	0.017279
4.154472	0.002178	3.866884	0.002716	3.073769	0.007231	2.275025	0.030177	2.737186	0.013136	2.703417	0.015535
4.236583	0.001831	3.939347	0.002601	3.138693	0.006600	2.334925	0.027209	2.788442	0.011416	2.749749	0.014222
4.318693	0.001760	4.011809	0.002346	3.203618	0.006284	2.394824	0.024789	2.839698	0.009911	2.796080	0.013205
4.400804	0.001661	4.084271	0.002119	3.268543	0.005910	2.454724	0.022279	2.890955	0.008725	2.842412	0.012283
4.482915	0.001639	4.156734	0.001732	3.333467	0.005293	2.514623	0.019570	2.942211	0.007844	2.888744	0.011325
4.565025	0.001477	4.229196	0.001294	3.398392	0.004630	2.574523	0.017079	2.993467	0.007108	2.935075	0.010302
4.647136	0.001251	4.301658	0.001126	3.463317	0.003883	2.634422	0.015062	3.044724	0.006359	2.981407	0.009228
4.729246	0.001160	4.374121	0.001039	3.528241	0.003042	2.694322	0.013569	3.095980	0.005578	3.027739	0.008114
4.811357	0.000976	4.446583	0.000840	3.593166	0.002408	2.754221	0.012448	3.147236	0.004857	3.074070	0.006995
4.893467	0.000759	4.519045	0.000713	3.658090	0.002129	2.814121	0.011335	3.198492	0.004260	3.120402	0.005961
4.975578	0.000653	4.591508	0.000684	3.723015	0.002105	2.874020	0.010049	3.249749	0.003769	3.166734	0.005108
5.057688	0.000590	4.663970	0.000648	3.787940	0.002024	2.933920	0.008714	3.301005	0.003320	3.213065	0.004483
5.139799	0.000561	4.736432	0.000596	3.852864	0.001754	2.993819	0.007498	3.352261	0.002877	3.259397	0.004049
5.221910	0.000552	4.808894	0.000511	3.917789	0.001474	3.053719	0.006454	3.403518	0.002465	3.305729	0.003711
5.304020	0.000586	4.881357	0.000375	3.982714	0.001325	3.113618	0.005600	3.454774	0.002111	3.352060	0.003375
5.386131	0.000572	4.953819	0.000303	4.047638	0.001314	3.173518	0.004956	3.506030	0.001800	3.398392	0.003002
5.468241	0.000426	5.026281	0.000364	4.112563	0.001302	3.233417	0.004470	3.557286	0.001507	3.444724	0.002617
5.550352	0.000334	5.098744	0.000376	4.177487	0.001100	3.293317	0.004113	3.608543	0.001247	3.491055	0.002272
5.632462	0.000325	5.171206	0.000305	4.242412	0.000796	3.353216	0.003865	3.659799	0.001049	3.537387	0.001991
5.714573	0.000293	5.243668	0.000264	4.307337	0.000585	3.413116	0.003586	3.711055	0.000917	3.583719	0.001752
5.796683	0.000231	5.316131	0.000242	4.372261	0.000482	3.473015	0.003155	3.762312	0.000825	3.630050	0.001517
5.878794	0.000257	5.388593	0.000238	4.437186	0.000418	3.532915	0.002655	3.813568	0.000740	3.676382	0.001275
5.960905	0.000290	5.461055	0.000227	4.502111	0.000377	3.592814	0.002240	3.864824	0.000641	3.722714	0.001045
6.043015	0.000232	5.533518	0.000196	4.567035	0.000346	3.652714	0.001922	3.916080	0.000521	3.769045	0.000853
6.125126	0.000197	5.605980	0.000172	4.631960	0.000298	3.712613	0.001580	3.967337	0.000384	3.815377	0.000714
6.207236	0.000219	5.678442	0.000146	4.696884	0.000253	3.772513	0.001244	4.018593	0.000255	3.861709	0.000631
6.289347	0.000186	5.750905	0.000120	4.761809	0.000229	3.832412	0.001040	4.069849	0.000163	3.908040	0.000587
6.371457	0.000141	5.823367	0.000123	4.826734	0.000230	3.892312	0.000940	4.121106	0.000112	3.954372	0.000556
6.453568	0.000106	5.895829	0.000100	4.891658	0.000229	3.952211	0.000841	4.172362	0.000090	4.000704	0.000518
6.535678	0.000066	5.968291	0.000042	4.956583	0.000200	4.012111	0.000746	4.223618	0.000082	4.047035	0.000467
6.617789	0.000030	6.040754	0.000008	5.021508	0.000189	4.072010	0.000663	4.274874	0.000079	4.093367	0.000406
6.699899	0.000020	6.113216	0.000001	5.086432	0.000207	4.131910	0.000579	4.326131	0.000075	4.139698	0.000341
6.782010	0.000047	6.185678	0.000003	5.151357	0.000205	4.191809	0.000507	4.377387	0.000071	4.186030	0.000285
6.864121	0.000069	6.258141	0.000020	5.216281	0.000155	4.251709	0.000439	4.428643	0.000064	4.232362	0.000245
6.946231	0.000056	6.330603	0.000047	5.281206	0.000093	4.311608	0.000360	4.479899	0.000053	4.278693	0.000219
7.028342	0.000035	6.403065	0.000044	5.346131	0.000068	4.371508	0.000285	4.531156	0.000043	4.325025	0.000199
7.110452	0.000020	6.475528	0.000023	5.411055	0.000067	4.431407	0.000250	4.582412	0.000046	4.371357	0.000176
7.192563	0.000026	6.547990	0.000024	5.475980	0.000051	4.491307	0.000265	4.633668	0.000065	4.417688	0.000148
7.274673	0.000020	6.620452	0.000024	5.540905	0.000025	4.551206	0.000274	4.684925	0.000085	4.464020	0.000117
7.356784	0.000004	6.692915	0.000010	5.605829	0.000021	4.611106	0.000231	4.736181	0.000086	4.510352	0.000089
7.438894	0.000000	6.765377	0.000002	5.670754	0.000041	4.671005	0.000178	4.787437	0.000071	4.556683	0.000071
7.521005	0.000000	6.837839	0.000000	5.735678	0.000057	4.730905	0.000155	4.838693	0.000057	4.603015	0.000059
7.603116	0.000004	6.910302	0.000000	5.800603	0.000050	4.790804	0.000145	4.889950	0.000055	4.649347	0.000049
7.685226	0.000019	6.982764	0.000000	5.865528	0.000034	4.850704	0.000127	4.941206	0.000058	4.695678	0.000042
7.767337	0.000025	7.055226	0.000004	5.930452	0.000016	4.910603	0.000103	4.992462	0.000055	4.742010	0.000038
7.849447	0.000010	7.127688	0.000015	5.995377	0.000006	4.970503	0.000082	5.043719	0.000042	4.788342	0.000037
7.931558	0.000010	7.200151	0.000026	6.060302	0.000009	5.030402	0.000069	5.094975	0.000025	4.834673	0.000037
8.013668	0.000025	7.272613	0.000017	6.125226	0.000022	5.090302	0.000077	5.146231	0.000016	4.881005	0.000037
8.095779	0.000022	7.345075	0.000010	6.190151	0.000032	5.150201	0.000096	5.197487	0.000016	4.927337	0.000036
8.177889	0.000022	7.417538	0.000020	6.255075	0.000034	5.210101	0.000097	5.248744	0.000021	4.973668	0.000034
8.260000	0.000026	7.490000	0.000025	6.320000	0.000028	5.270000	0.000073	5.300000	0.000022	5.020000	0.000029
