-2.220000	0.000266	-2.360000	0.000815	-2.720000	0.000443	-3.360000	0.000024	-4.500000	0.000026	-4.800000	0.000036
-2.184422	0.000423	-2.330754	0.001208	-2.690251	0.000637	-3.327337	0.000030	-4.461508	0.000029	-4.758191	0.000053
-2.148844	0.000643	-2.301508	0.001739	-2.660503	0.000884	-3.294673	0.000037	-4.423015	0.000031	-4.716382	0.000076
-2.113266	0.000948	-2.272261	0.002440	-2.630754	0.001191	-3.262010	0.000048	-4.384523	0.000030	-4.674573	0.000103
-2.077688	0.001380	-2.243015	0.003347	-2.601005	0.001567	-3.229347	0.000066	-4.346030	0.000027	-4.632764	0.000126
-2.042111	0.002011	-2.213769	0.004503	-2.571256	0.002027	-3.196683	0.000093	-4.307538	0.000022	-4.590955	0.000143
-2.006533	0.002948	-2.184523	0.005952	-2.541508	0.002590	-3.164020	0.000134	-4.269045	0.000016	-4.549146	0.000154
-1.970955	0.004331	-2.155276	0.007743	-2.511759	0.003282	-3.131357	0.000190	-4.230553	0.000010	-4.507337	0.000169
-1.935377	0.006314	-2.126030	0.009928	-2.482010	0.004135	-3.098693	0.000262	-4.192060	0.000008	-4.465528	0.000194
-1.899799	0.009061	-2.096784	0.012558	-2.452261	0.005184	-3.066030	0.000354	-4.153568	0.000011	-4.423719	0.000229
-1.864221	0.012727	-2.067538	0.015681	-2.422513	0.006469	-3.033367	0.000465	-4.115075	0.000024	-4.381910	0.000268
-1.828643	0.017466	-2.038291	0.019345	-2.392764	0.008030	-3.000704	0.000599	-4.076583	0.000050	-4.340101	0.000299
-1.793065	0.023433	-2.009045	0.023593	-2.363015	0.009903	-2.968040	0.000762	-4.038090	0.000092	-4.298291	0.000319
-1.757487	0.030783	-1.979799	0.028469	-2.333266	0.012115	-2.935377	0.000961	-3.999598	0.000145	-4.256482	0.000331
-1.721910	0.039671	-1.950553	0.034019	-2.303518	0.014683	-2.902714	0.001202	-3.961106	0.000200	-4.214673	0.000346
-1.686332	0.050245	-1.921307	0.040283	-2.273769	0.017609	-2.870050	0.001495	-3.922613	0.000247	-4.172864	0.000373
-1.650754	0.062631	-1.892060	0.047294	-2.244020	0.020887	-2.837387	0.001851	-3.884121	0.000284	-4.131055	0.000419
-1.615176	0.076888	-1.862814	0.055056	-2.214271	0.024504	-2.804724	0.002293	-3.845628	0.000324	-4.089246	0.000487
-1.579598	0.092966	-1.833568	0.063544	-2.184523	0.028448	-2.772060	0.002846	-3.807136	0.000387	-4.047437	0.000571
-1.544020	0.110670	-1.804322	0.072695	-2.154774	0.032710	-2.739397	0.003543	-3.768643	0.000493	-4.005628	0.000660
-1.508442	0.129670	-1.775075	0.082422	-2.125025	0.037292	-2.706734	0.004411	-3.730151	0.000651	-3.963819	0.000748
-1.472864	0.149565	-1.745829	0.092633	-2.095276	0.042200	-2.674070	0.005466	-3.691658	0.000853	-3.922010	0.000832
-1.437286	0.169977	-1.716583	0.103248	-2.065528	0.047450	-2.641407	0.006712	-3.653166	0.001086	-3.880201	0.000925
-1.401709	0.190655	-1.687337	0.114210	-2.035779	0.053059	-2.608744	0.008150	-3.614673	0.001330	-3.838392	0.001042
-1.366131	0.211515	-1.658090	0.125487	-2.006030	0.059043	-2.576080	0.009778	-3.576181	0.001567	-3.796583	0.001199
-1.330553	0.232602	-1.628844	0.137054	-1.976281	0.065408	-2.543417	0.011606	-3.537688	0.001785	-3.754774	0.001411
-1.294975	0.253935	-1.599598	0.148873	-1.946533	0.072151	-2.510754	0.013646	-3.499196	0.001984	-3.712965	0.001683
-1.259397	0.275337	-1.570352	0.160874	-1.916784	0.079250	-2.478090	0.015908	-3.460704	0.002182	-3.671156	0.002016
-1.223819	0.296348	-1.541106	0.172958	-1.887035	0.086672	-2.445427	0.018382	-3.422211	0.002400	-3.629347	0.002396
-1.188241	0.316280	-1.511859	0.185002	-1.857286	0.094373	-2.412764	0.021044	-3.383719	0.002652	-3.587538	0.002800
-1.152663	0.334431	-1.482613	0.196888	-1.827538	0.102303	-2.380101	0.023865	-3.345226	0.002938	-3.545729	0.003195
-1.117085	0.350326	-1.453367	0.208516	-1.797789	0.110411	-2.347437	0.026833	-3.306734	0.003249	-3.503920	0.003538
-1.081508	0.363853	-1.424121	0.219815	-1.768040	0.118650	-2.314774	0.029967	-3.268241	0.003582	-3.462111	0.003798
-1.045930	0.375222	-1.394874	0.230737	-1.738291	0.126973	-2.282111	0.033322	-3.229749	0.003958	-3.420302	0.003984
-1.010352	0.384806	-1.365628	0.241246	-1.708543	0.135336	-2.249447	0.036970	-3.191256	0.004424	-3.378492	0.004161
-0.974774	0.392957	-1.336382	0.251313	-1.678794	0.143693	-2.216784	0.040980	-3.152764	0.005038	-3.336683	0.004427
-0.939196	0.399908	-1.307136	0.260901	-1.649045	0.151994	-2.184121	0.045388	-3.114271	0.005832	-3.294874	0.004853
-0.903618	0.405753	-1.277889	0.269969	-1.619296	0.160188	-2.151457	0.050191	-3.075779	0.006792	-3.253065	0.005443
-0.868040	0.410508	-1.248643	0.278472	-1.589548	0.168224	-2.118794	0.055351	-3.037286	0.007866	-3.211256	0.006129
-0.832462	0.414193	-1.219397	0.286358	-1.559799	0.176050	-2.086131	0.060824	-2.998794	0.008994	-3.169447	0.006827
-0.796884	0.416887	-1.190151	0.293572	-1.530050	0.183624	-2.053467	0.066578	-2.960302	0.010133	-3.127638	0.007494
-0.761307	0.418701	-1.160905	0.300067	-1.500302	0.190921	-2.020804	0.072603	-2.921809	0.011265	-3.085829	0.008144
-0.725729	0.419695	-1.131658	0.305812	-1.470553	0.197928	-1.988141	0.078902	-2.883317	0.012401	-3.044020	0.008819
-0.690151	0.419840	-1.102412	0.310798	-1.440804	0.204645	-1.955477	0.085464	-2.844824	0.013576	-3.002211	0.009561
-0.654573	0.419081	-1.073166	0.315049	-1.411055	0.211075	-1.922814	0.092247	-2.806332	0.014822	-2.960402	0.010396
-0.618995	0.417445	-1.043920	0.318614	-1.381307	0.217214	-1.890151	0.099175	-2.767839	0.016140	-2.918593	0.011342
-0.583417	0.415096	-1.014673	0.321566	-1.351558	0.223039	-1.857487	0.106151	-2.729347	0.017505	-2.876784	0.012404
-0.547839	0.412269	-0.985427	0.323991	-1.321809	0.228514	-1.824824	0.113076	-2.690854	0.018915	-2.834975	0.013579
-0.512261	0.409156	-0.956181	0.325987	-1.292060	0.233598	-1.792161	0.119864	-2.652362	0.020417	-2.793166	0.014856
-0.476683	0.405823	-0.926935	0.327656	-1.262312	0.238259	-1.759497	0.126446	-2.613869	0.022085	-2.751357	0.016218
-0.441106	0.402219	-0.897688	0.329105	-1.232563	0.242490	-1.726834	0.132781	-2.575377	0.023965	-2.709548	0.017653
-0.405528	0.398278	-0.868442	0.330424	-1.202814	0.246309	-1.694171	0.138866	-2.536884	0.026047	-2.667739	0.019162
-0.369950	0.394044	-0.839196	0.331678	-1.173065	0.249760	-1.661508	0.144736	-2.498392	0.028294	-2.625930	0.020770
-0.334372	0.389710	-0.809950	0.332887	-1.143317	0.252900	-1.628844	0.150461	-2.459899	0.030690	-2.584121	0.022515
-0.298794	0.385549	-0.780704	0.334026	-1.113568	0.255792	-1.596181	0.156112	-2.421407	0.033250	-2.542312	0.024434
-0.263216	0.381749	-0.751457	0.335032	-1.083819	0.258501	-1.563518	0.161730	-2.382915	0.035991	-2.500503	0.026540
-0.227638	0.378301	-0.722211	0.335832	-1.054070	0.261088	-1.530854	0.167298	-2.344422	0.038907	-2.458693	0.028788
-0.192060	0.375001	-0.692965	0.336368	-1.024322	0.263603	-1.498191	0.172751	-2.305930	0.041966	-2.416884	0.031071
-0.156482	0.371573	-0.663719	0.336619	-0.994573	0.266084	-1.465528	0.178007	-2.267437	0.045125	-2.375075	0.033282
-0.120905	0.367814	-0.634472	0.336607	-0.964824	0.268551	-1.432864	0.183008	-2.228945	0.048354	-2.333266	0.035427
-0.085327	0.363668	-0.605226	0.336385	-0.935075	0.270996	-1.400201	0.187747	-2.190452	0.051649	-2.291457	0.037638
-0.049749	0.359209	-0.575980	0.336029	-0.905327	0.273395	-1.367538	0.192258	-2.151960	0.055051	-2.249648	0.040071
-0.014171	0.354578	-0.546734	0.335614	-0.875578	0.275702	-1.334874	0.196600	-2.113467	0.058640	-2.207839	0.042795
0.021407	0.349919	-0.517487	0.335210	-0.845829	0.277866	-1.302211	0.200808	-2.074975	0.062487	-2.166030	0.045788
0.056985	0.345328	-0.488241	0.334866	-0.816080	0.279834	-1.269548	0.204878	-2.036482	0.066607	-2.124221	0.049017
0.092563	0.340802	-0.458995	0.334614	-0.786332	0.281567	-1.236884	0.208762	-1.997990	0.070938	-2.082412	0.052493
0.128141	0.336220	-0.429749	0.334456	-0.756583	0.283046	-1.204221	0.212408	-1.959497	0.075357	-2.040603	0.056247
0.163719	0.331384	-0.400503	0.334378	-0.726834	0.284296	-1.171558	0.215800	-1.921005	0.079719	-1.998794	0.060262
0.199296	0.326124	-0.371256	0.334347	-0.697085	0.285386	-1.138894	0.218993	-1.882513	0.083905	-1.956985	0.064438
0.234874	0.320405	-0.342010	0.334328	-0.667337	0.286424	-1.106231	0.222100	-1.844020	0.087885	-1.915176	0.068649
0.270452	0.314323	-0.312764	0.334286	-0.637588	0.287535	-1.073568	0.225249	-1.805528	0.091756	-1.873367	0.072856
0.306030	0.308026	-0.283518	0.334195	-0.607839	0.288825	-1.040905	0.228522	-1.767035	0.095699	-1.831558	0.077143
0.341608	0.301630	-0.254271	0.334021	-0.578090	0.290345	-1.008241	0.231909	-1.728543	0.099884	-1.789749	0.081653
0.377186	0.295209	-0.225025	0.333734	-0.548342	0.292069	-0.975578	0.235322	-1.690050	0.104398	-1.747940	0.086507
0.412764	0.288834	-0.195779	0.333297	-0.518593	0.293910	-0.942915	0.238636	-1.651558	0.109247	-1.706131	0.091806
0.448342	0.282606	-0.166533	0.332681	-0.488844	0.295746	-0.910251	0.241765	-1.613065	0.114405	-1.664322	0.097651
0.483920	0.276631	-0.137286	0.331878	-0.459095	0.297471	-0.877588	0.244705	-1.574573	0.119833	-1.622513	0.104075
0.519497	0.270970	-0.108040	0.330906	-0.429347	0.299026	-0.844925	0.247524	-1.536080	0.125452	-1.580704	0.110944
0.555075	0.265627	-0.078794	0.329817	-0.399598	0.300421	-0.812261	0.250321	-1.497588	0.131128	-1.538894	0.117958
0.590653	0.260541	-0.049548	0.328680	-0.369849	0.301714	-0.779598	0.253150	-1.459095	0.136684	-1.497085	0.124798
0.626231	0.255607	-0.020302	0.327564	-0.340101	0.302989	-0.746935	0.255993	-1.420603	0.141973	-1.455276	0.131332
0.661809	0.250708	0.008945	0.326506	-0.310352	0.304314	-0.714271	0.258781	-1.382111	0.146965	-1.413467	0.137703
0.697387	0.245773	0.038191	0.325501	-0.280603	0.305720	-0.681608	0.261458	-1.343618	0.151785	-1.371658	0.144219
0.732965	0.240818	0.067437	0.324501	-0.250854	0.307195	-0.648945	0.264041	-1.305126	0.156680	-1.329849	0.151089
0.768543	0.235917	0.096683	0.323427	-0.221106	0.308699	-0.616281	0.266627	-1.266633	0.161874	-1.288040	0.158235
0.804121	0.231079	0.125930	0.322202	-0.191357	0.310192	-0.583618	0.269352	-1.228141	0.167429	-1.246231	0.165388
0.839698	0.226145	0.155176	0.320784	-0.161608	0.311661	-0.550955	0.272324	-1.189648	0.173222	-1.204422	0.172418
0.875276	0.220816	0.184422	0.319180	-0.131859	0.313138	-0.518291	0.275574	-1.151156	0.179048	-1.162613	0.179533
0.910854	0.214838	0.213668	0.317448	-0.102111	0.314692	-0.485628	0.279058	-1.112663	0.184766	-1.120804	0.187103
0.946432	0.208179	0.242915	0.315679	-0.072362	0.316411	-0.452965	0.282686	-1.074171	0.190388	-1.078995	0.195290
0.982010	0.201084	0.272161	0.313963	-0.042613	0.318356	-0.420302	0.286365	-1.035678	0.196092	-1.037186	0.203884
1.017588	0.193935	0.301407	0.312371	-0.012864	0.320539	-0.387638	0.290022	-0.997186	0.202164	-0.995377	0.212506
1.053166	0.187060	0.330653	0.310929	0.016884	0.322902	-0.354975	0.293610	-0.958693	0.208887	-0.953568	0.220949
1.088744	0.180613	0.359899	0.309618	0.046633	0.325323	-0.322312	0.297092	-0.920201	0.216382	-0.911759	0.229336
1.124322	0.174592	0.389146	0.308374	0.076382	0.327649	-0.289648	0.300454	-0.881709	0.224482	-0.869950	0.237970
1.159899	0.168932	0.418392	0.307099	0.106131	0.329735	-0.256985	0.303711	-0.843216	0.232776	-0.828141	0.247058
1.195477	0.163569	0.447638	0.305677	0.135879	0.331489	-0.224322	0.306939	-0.804724	0.240803	-0.786332	0.256533
1.231055	0.158461	0.476884	0.303997	0.165628	0.332892	-0.191658	0.310265	-0.766231	0.248294	-0.744523	0.266091
1.266633	0.153558	0.506131	0.301986	0.195377	0.334003	-0.158995	0.313825	-0.727739	0.255302	-0.702714	0.275385
1.302211	0.148790	0.535377	0.299628	0.225126	0.334928	-0.126332	0.317713	-0.689246	0.262123	-0.660905	0.284231
1.337789	0.144085	0.564623	0.296973	0.254874	0.335787	-0.093668	0.321927	-0.650754	0.269065	-0.619095	0.292692
1.373367	0.139386	0.593869	0.294124	0.284623	0.336669	-0.061005	0.326372	-0.612261	0.276203	-0.577286	0.301010
1.408945	0.134676	0.623116	0.291200	0.314372	0.337605	-0.028342	0.330896	-0.573769	0.283346	-0.535477	0.309439
1.444523	0.129979	0.652362	0.288305	0.344121	0.338575	0.004322	0.335341	-0.535276	0.290234	-0.493668	0.318108
1.480101	0.125334	0.681608	0.285502	0.373869	0.339515	0.036985	0.339574	-0.496784	0.296778	-0.451859	0.326970
1.515678	0.120762	0.710854	0.282808	0.403618	0.340349	0.069648	0.343503	-0.458291	0.303151	-0.410050	0.335832
1.551256	0.116242	0.740101	0.280198	0.433367	0.340999	0.102312	0.347068	-0.419799	0.309666	-0.368241	0.344421
1.586834	0.111738	0.769347	0.277615	0.463116	0.341392	0.134975	0.350244	-0.381307	0.316571	-0.326432	0.352465
1.622412	0.107245	0.798593	0.274986	0.492864	0.341469	0.167638	0.353043	-0.342814	0.323907	-0.284623	0.359795
1.657990	0.102806	0.827839	0.272235	0.522613	0.341195	0.200302	0.355509	-0.304322	0.331481	-0.242814	0.366375
1.693568	0.098487	0.857085	0.269285	0.552362	0.340572	0.232965	0.357718	-0.265829	0.338971	-0.201005	0.372228
1.729146	0.094337	0.886332	0.266079	0.582111	0.339642	0.265628	0.359768	-0.227337	0.346098	-0.159196	0.377356
1.764724	0.090382	0.915578	0.262589	0.611859	0.338479	0.298291	0.361757	-0.188844	0.352727	-0.117387	0.381770
1.800302	0.086641	0.944824	0.258816	0.641608	0.337158	0.330955	0.363759	-0.150352	0.358864	-0.075578	0.385566
1.835879	0.083127	0.974070	0.254783	0.671357	0.335722	0.363618	0.365793	-0.111859	0.364606	-0.033769	0.388921
1.871457	0.079825	1.003317	0.250527	0.701106	0.334162	0.396281	0.367806	-0.073367	0.370111	0.008040	0.392011
1.907035	0.076661	1.032563	0.246086	0.730854	0.332422	0.428945	0.369689	-0.034874	0.375555	0.049849	0.394929
1.942613	0.073510	1.061809	0.241490	0.760603	0.330425	0.461608	0.371328	0.003618	0.381038	0.091658	0.397625
1.978191	0.070257	1.091055	0.236762	0.790352	0.328105	0.494271	0.372642	0.042111	0.386481	0.133467	0.399869
2.013769	0.066857	1.120302	0.231921	0.820101	0.325431	0.526935	0.373606	0.080603	0.391624	0.175276	0.401312
2.049347	0.063375	1.149548	0.226982	0.849849	0.322401	0.559598	0.374223	0.119095	0.396122	0.217085	0.401747
2.084925	0.059963	1.178794	0.221956	0.879598	0.319032	0.592261	0.374469	0.157588	0.399670	0.258894	0.401344
2.120503	0.056785	1.208040	0.216854	0.909347	0.315328	0.624925	0.374256	0.196080	0.402082	0.300704	0.400529
2.156080	0.053944	1.237286	0.211674	0.939095	0.311274	0.657588	0.373429	0.234573	0.403348	0.342513	0.399519
2.191658	0.051435	1.266533	0.206405	0.968844	0.306836	0.690251	0.371816	0.273065	0.403653	0.384322	0.398008
2.227236	0.049167	1.295779	0.201019	0.998593	0.301973	0.722915	0.369300	0.311558	0.403341	0.426131	0.395357
2.262814	0.047023	1.325025	0.195478	1.028342	0.296659	0.755578	0.365874	0.350050	0.402776	0.467940	0.391090
2.298392	0.044920	1.354271	0.189750	1.058090	0.290886	0.788241	0.361651	0.388543	0.402164	0.509749	0.385219
2.333970	0.042828	1.383518	0.183821	1.087839	0.284661	0.820905	0.356821	0.427035	0.401448	0.551558	0.378190
2.369548	0.040745	1.412764	0.177711	1.117588	0.277986	0.853568	0.351561	0.465528	0.400373	0.593367	0.370608
2.405126	0.038664	1.442010	0.171472	1.147337	0.270852	0.886231	0.345966	0.504020	0.398635	0.635176	0.362974
2.440704	0.036574	1.471256	0.165183	1.177085	0.263228	0.918894	0.340015	0.542513	0.396021	0.676985	0.355505
2.476281	0.034475	1.500503	0.158928	1.206834	0.255084	0.951558	0.333600	0.581005	0.392440	0.718794	0.347996
2.511859	0.032392	1.529749	0.152772	1.236583	0.246416	0.984221	0.326572	0.619497	0.387900	0.760603	0.339926
2.547437	0.030376	1.558995	0.146751	1.266332	0.237268	1.016884	0.318789	0.657990	0.382464	0.802412	0.330857
2.583015	0.028482	1.588241	0.140865	1.296080	0.227747	1.049548	0.310163	0.696482	0.376215	0.844221	0.320806
2.618593	0.026750	1.617487	0.135088	1.325829	0.218008	1.082211	0.300688	0.734975	0.369204	0.886030	0.310206
2.654171	0.025192	1.646734	0.129378	1.355578	0.208227	1.114874	0.290466	0.773467	0.361420	0.927839	0.299479
2.689749	0.023785	1.675980	0.123698	1.385327	0.198572	1.147538	0.279695	0.811960	0.352816	0.969648	0.288707
2.725327	0.022484	1.705226	0.118022	1.415075	0.189164	1.180201	0.268608	0.850452	0.343359	1.011457	0.277672
2.760905	0.021247	1.734472	0.112347	1.444824	0.180068	1.212864	0.257394	0.888945	0.333072	1.053266	0.266150
2.796482	0.020048	1.763719	0.106696	1.474573	0.171290	1.245528	0.246129	0.927437	0.322016	1.095075	0.254134
2.832060	0.018880	1.792965	0.101116	1.504322	0.162789	1.278191	0.234784	0.965930	0.310276	1.136884	0.241821
2.867638	0.017737	1.822211	0.095667	1.534070	0.154501	1.310854	0.223279	1.004422	0.297982	1.178693	0.229420
2.903216	0.016614	1.851457	0.090411	1.563819	0.146363	1.343518	0.211566	1.042915	0.285358	1.220503	0.217031
2.938794	0.015510	1.880704	0.085402	1.593568	0.138333	1.376181	0.199675	1.081407	0.272708	1.262312	0.204686
2.974372	0.014441	1.909950	0.080670	1.623317	0.130404	1.408844	0.187716	1.119899	0.260323	1.304121	0.192457
3.009950	0.013438	1.939196	0.076224	1.653065	0.122600	1.441508	0.175840	1.158392	0.248339	1.345930	0.180510
3.045528	0.012528	1.968442	0.072051	1.682814	0.114957	1.474171	0.164195	1.196884	0.236632	1.387739	0.169030
3.081106	0.011711	1.997688	0.068126	1.712563	0.107513	1.506834	0.152898	1.235377	0.224848	1.429548	0.158084
3.116683	0.010956	2.026935	0.064411	1.742312	0.100286	1.539497	0.142024	1.273869	0.212613	1.471357	0.147567
3.152261	0.010220	2.056181	0.060865	1.772060	0.093277	1.572161	0.131610	1.312362	0.199810	1.513166	0.137294
3.187839	0.009473	2.085427	0.057442	1.801809	0.086477	1.604824	0.121661	1.350854	0.186704	1.554975	0.127152
3.223417	0.008720	2.114673	0.054099	1.831558	0.079883	1.637487	0.112164	1.389347	0.173783	1.596784	0.117171
3.258995	0.007993	2.143920	0.050801	1.861307	0.073513	1.670151	0.103101	1.427839	0.161460	1.638593	0.107481
3.294573	0.007330	2.173166	0.047525	1.891055	0.067400	1.702814	0.094461	1.466332	0.149845	1.680402	0.098196
3.330151	0.006752	2.202412	0.044270	1.920804	0.061589	1.735477	0.086249	1.504824	0.138768	1.722211	0.089320
3.365729	0.006260	2.231658	0.041045	1.950553	0.056117	1.768141	0.078481	1.543317	0.127966	1.764020	0.080769
3.401307	0.005837	2.260905	0.037875	1.980302	0.051004	1.800804	0.071181	1.581809	0.117302	1.805829	0.072519
3.436884	0.005460	2.290151	0.034785	2.010050	0.046244	1.833467	0.064362	1.620302	0.106856	1.847638	0.064711
3.472462	0.005106	2.319397	0.031801	2.039799	0.041817	1.866131	0.058022	1.658794	0.096859	1.889447	0.057560
3.508040	0.004758	2.348643	0.028948	2.069548	0.037694	1.898794	0.052135	1.697286	0.087524	1.931256	0.051172
3.543618	0.004400	2.377889	0.026250	2.099296	0.033853	1.931457	0.046660	1.735779	0.078926	1.973065	0.045469
3.579196	0.004025	2.407136	0.023727	2.129045	0.030279	1.964121	0.041554	1.774271	0.070995	2.014874	0.040293
3.614774	0.003641	2.436382	0.021394	2.158794	0.026968	1.996784	0.036789	1.812764	0.063607	2.056683	0.035524
3.650352	0.003266	2.465628	0.019258	2.188543	0.023920	2.029447	0.032364	1.851256	0.056678	2.098492	0.031111
3.685930	0.002918	2.494874	0.017318	2.218291	0.021136	2.062111	0.028298	1.889749	0.050193	2.140302	0.027039
3.721508	0.002606	2.524121	0.015565	2.248040	0.018612	2.094774	0.024614	1.928241	0.044192	2.182111	0.023299
3.757085	0.002323	2.553367	0.013986	2.277789	0.016342	2.127437	0.021321	1.966734	0.038743	2.223920	0.019907
3.792663	0.002057	2.582613	0.012561	2.307538	0.014313	2.160101	0.018405	2.005226	0.033908	2.265729	0.016894
3.828241	0.001799	2.611859	0.011272	2.337286	0.012507	2.192764	0.015829	2.043719	0.029712	2.307538	0.014283
3.863819	0.001554	2.641106	0.010100	2.367035	0.010904	2.225427	0.013543	2.082211	0.026104	2.349347	0.012054
3.899397	0.001333	2.670352	0.009028	2.396784	0.009482	2.258090	0.011502	2.120704	0.022964	2.391156	0.010137
3.934975	0.001145	2.699598	0.008042	2.426533	0.008218	2.290754	0.009677	2.159196	0.020153	2.432965	0.008451
3.970553	0.000992	2.728844	0.007134	2.456281	0.007090	2.323417	0.008054	2.197688	0.017569	2.474774	0.006944
4.006131	0.000867	2.758090	0.006300	2.486030	0.006082	2.356080	0.006632	2.236181	0.015171	2.516583	0.005606
4.041709	0.000758	2.787337	0.005537	2.515779	0.005178	2.388744	0.005414	2.274673	0.012954	2.558392	0.004451
4.077286	0.000657	2.816583	0.004846	2.545528	0.004373	2.421407	0.004399	2.313166	0.010930	2.600201	0.003484
4.112864	0.000559	2.845829	0.004228	2.575276	0.003664	2.454070	0.003572	2.351658	0.009111	2.642010	0.002696
4.148442	0.000461	2.875075	0.003677	2.605025	0.003050	2.486734	0.002906	2.390151	0.007511	2.683819	0.002078
4.184020	0.000366	2.904322	0.003190	2.634774	0.002532	2.519397	0.002371	2.428643	0.006134	2.725628	0.001622
4.219598	0.000282	2.933568	0.002759	2.664523	0.002107	2.552060	0.001936	2.467136	0.004973	2.767437	0.001314
4.255176	0.000216	2.962814	0.002381	2.694271	0.001762	2.584724	0.001575	2.505628	0.004007	2.809246	0.001122
4.290754	0.000171	2.992060	0.002050	2.724020	0.001482	2.617387	0.001274	2.544121	0.003215	2.851055	0.000995
4.326332	0.000145	3.021307	0.001763	2.753769	0.001250	2.650050	0.001023	2.582613	0.002575	2.892864	0.000886
4.361910	0.000134	3.050553	0.001515	2.783518	0.001049	2.682714	0.000815	2.621106	0.002064	2.934673	0.000767
4.397487	0.000132	3.079799	0.001302	2.813266	0.000869	2.715377	0.000647	2.659598	0.001654	2.976482	0.000635
4.433065	0.000133	3.109045	0.001117	2.843015	0.000706	2.748040	0.000513	2.698090	0.001320	3.018291	0.000506
4.468643	0.000135	3.138291	0.000951	2.872764	0.000561	2.780704	0.000407	2.736583	0.001046	3.060101	0.000392
4.504221	0.000134	3.167538	0.000802	2.902513	0.000436	2.813367	0.000322	2.775075	0.000827	3.101910	0.000301
4.539799	0.000131	3.196784	0.000667	2.932261	0.000334	2.846030	0.000252	2.813568	0.000658	3.143719	0.000234
4.575377	0.000124	3.226030	0.000546	2.962010	0.000255	2.878693	0.000195	2.852060	0.000537	3.185528	0.000189
4.610955	0.000115	3.255276	0.000441	2.991759	0.000195	2.911357	0.000149	2.890553	0.000456	3.227337	0.000160
4.646533	0.000103	3.284523	0.000353	3.021508	0.000151	2.944020	0.000112	2.929045	0.000402	3.269146	0.000142
4.682111	0.000090	3.313769	0.000281	3.051256	0.000120	2.976683	0.000085	2.967538	0.000363	3.310955	0.000133
4.717688	0.000078	3.343015	0.000224	3.081005	0.000098	3.009347	0.000065	3.006030	0.000323	3.352764	0.000131
4.753266	0.000067	3.372261	0.000179	3.110754	0.000081	3.042010	0.000052	3.044523	0.000273	3.394573	0.000130
4.788844	0.000058	3.401508	0.000141	3.140503	0.000069	3.074673	0.000043	3.083015	0.000213	3.436382	0.000122
4.824422	0.000049	3.430754	0.000111	3.170251	0.000059	3.107337	0.000036	3.121508	0.000151	3.478191	0.000104
4.860000	0.000039	3.460000	0.000084	3.200000	0.000051	3.140000	0.000030	3.160000	0.000097	3.520000	0.000077
