  0.39481429398166679       0.23103702972400758       -7.2806522124471338E-004  -4.6247792584436537E-002  -7.2806522124471338E-004 -0.33331768635256187        7.0149771018471121E-004  -4.6247792584436537E-002   7.0149771018471121E-004  0.10228065662855362     
  0.78961713492261387       0.33454513212294928       -1.7644269308083103E-003  -4.6360953861688155E-002  -1.7644269308083103E-003 -0.33326534939267483        1.2578468679358128E-003  -4.6360953861688155E-002   1.2578468679358128E-003  -1.2797827302742926E-003
   1.1844166974757644       0.37954650656449457       -2.8881593272909378E-003  -4.6755763671867491E-002  -2.8881593272909378E-003 -0.33318278808553919        1.7131057782736022E-003  -4.6755763671867491E-002   1.7131057782736022E-003  -4.6363718478955041E-002
   1.5792210791778827       0.40797244427510709       -4.0827460560283226E-003  -4.7284648322755904E-002  -4.0827460560283226E-003 -0.33307621093443868        2.0935627238409930E-003  -4.7284648322755904E-002   2.0935627238409930E-003  -7.4896233340668084E-002
   1.9740394891908362       0.42905558330325949       -5.3361462928392537E-003  -4.7786777702438894E-002  -5.3361462928392537E-003 -0.33295058787366644        2.4132210857804614E-003  -4.7786777702438894E-002   2.4132210857804614E-003  -9.6104995429593526E-002
   2.3688825600159538       0.44596918416199599       -6.6367557856671748E-003  -4.8193029021196897E-002  -6.6367557856671748E-003 -0.33280988031920616        2.6826805188043625E-003  -4.8193029021196897E-002   2.6826805188043625E-003 -0.11315930384278991     
   2.7637632066977234       0.46009968758875669       -7.9735622557025113E-003  -4.8477325371896876E-002  -7.9735622557025113E-003 -0.33265706289824781        2.9107835697894094E-003  -4.8477325371896876E-002   2.9107835697894094E-003 -0.12744262469050874     
   3.1586963687884100       0.47215793521320776       -9.3365716809451754E-003  -4.8635130303187245E-002  -9.3365716809451754E-003 -0.33249424754479923        3.1051590168789250E-003  -4.8635130303187245E-002   3.1051590168789250E-003 -0.13966368766840875     
   3.5536991790059562       0.48255723250074550       -1.0717096425703069E-002  -4.8673226574884793E-002  -1.0717096425703069E-002 -0.33232278846632268        3.2723563878186779E-003  -4.8673226574884793E-002   3.2723563878186779E-003 -0.15023444403442246     
   3.9487908718801807       0.49156418527002349       -1.2107893255411738E-002  -4.8604149904258868E-002  -1.2107893255411738E-002 -0.33214340524961294        3.4180168746357916E-003  -4.8604149904258868E-002   3.4180168746357916E-003 -0.15942078002041007     
   4.3439933385305398       0.49936761782456213       -1.3503159444072809E-002  -4.8442992676245307E-002  -1.3503159444072809E-002 -0.33195629911553270        3.5469086569473399E-003  -4.8442992676245307E-002   3.5469086569473399E-003 -0.16741131870902923     
   4.7393322354580825       0.50611137574095855       -1.4898421225323009E-002  -4.8205299648340104E-002  -1.4898421225323009E-002 -0.33176126352830526        3.6630583822581126E-003  -4.8205299648340104E-002   3.6630583822581126E-003 -0.17435011221265331     
   5.1348388926936117       0.51191194738053936       -1.6290367368479348E-002  -4.7905876269972641E-002  -1.6290367368479348E-002 -0.33155778041806200        3.7697870028279849E-003  -4.7905876269972641E-002   3.7697870028279849E-003 -0.18035416696247686     
   5.5305528350409761       0.51686734874910911       -1.7676649975383193E-002  -4.7558000631945520E-002  -1.7676649975383193E-002 -0.33134510270374246        3.8698336045317311E-003  -4.7558000631945520E-002   3.8698336045317311E-003 -0.18552224604536632     
   5.9265247382104027       0.52106256313700805       -1.9055693158566287E-002  -4.7173138887236662E-002  -1.9055693158566287E-002 -0.33112231991456709        3.9653943886648812E-003  -4.7173138887236662E-002   3.9653943886648812E-003 -0.18994024322244080     
   6.3228195954192241       0.52457218482548118       -2.0426513020024791E-002  -4.6760805059792097E-002  -2.0426513020024791E-002 -0.33088841020814763        4.0582362200541058E-003  -4.6760805059792097E-002   4.0582362200541058E-003 -0.19368377461733316     
   6.7195200473613435       0.52746236419605386       -2.1788570930819540E-002  -4.6328718836942819E-002  -2.1788570930819540E-002 -0.33064227786360956        4.1497318435059763E-003  -4.6328718836942819E-002   4.1497318435059763E-003 -0.19682008633244438     
   7.1167300474588719       0.52979163227317660       -2.3141651527998044E-002  -4.5882946715303095E-002  -2.3141651527998044E-002 -0.33038278033614782        4.2409588185886027E-003  -4.5882946715303095E-002   4.2409588185886027E-003 -0.19940885193702904     
   7.5145792707361627       0.53161180621214221       -2.4485778647024361E-002  -4.5428209318956914E-002  -2.4485778647024361E-002 -0.33010874391328376        4.3327256266039622E-003  -4.5428209318956914E-002   4.3327256266039622E-003 -0.20150306229885839     
   7.9132287727604229       0.53296837430794697       -2.5821156702049184E-002  -4.4968064076245602E-002  -2.5821156702049184E-002 -0.32981897132223364        4.4256530508982976E-003  -4.4968064076245602E-002   4.4256530508982976E-003 -0.20314940298571416     
   8.3128783417832466       0.53390120894396964       -2.7148147210524973E-002  -4.4505178796464220E-002  -2.7148147210524973E-002 -0.32951223936973101        4.5201875297022727E-003  -4.4505178796464220E-002   4.5201875297022727E-003 -0.20438896957423894     
   8.7137757154178992       0.53444498519903560       -2.8467265902554911E-002  -4.4041428190404172E-002  -2.8467265902554911E-002 -0.32918728916850609        4.6166637532421926E-003  -4.4041428190404172E-002   4.6166637532421926E-003 -0.20525769603052854     
   9.1162274419787774       0.53462995132661062       -2.9779206903082930E-002  -4.3578064550274208E-002  -2.9779206903082930E-002 -0.32884280659798870        4.7153043009697309E-003  -4.3578064550274208E-002   4.7153043009697309E-003 -0.20578714472862197     
   9.5206107407605387       0.53448243980677157       -3.1084875940685111E-002  -4.3115711190506605E-002  -3.1084875940685111E-002 -0.32847739583529806        4.8162652182830020E-003  -4.3115711190506605E-002   4.8162652182830020E-003 -0.20600504397147293     
   9.9273853599375759       0.53402564502685745       -3.2385436470231586E-002  -4.2654455544808019E-002  -3.2385436470231586E-002 -0.32808954423601028        4.9196242271356124E-003  -4.2654455544808019E-002   4.9196242271356124E-003 -0.20593610079084754     
   10.337104235319194       0.53328009325465620       -3.3682348476743638E-002  -4.2193792121048165E-002  -3.3682348476743638E-002 -0.32767758249814927        5.0254137946901213E-003  -4.2193792121048165E-002   5.0254137946901213E-003 -0.20560251075650735     
   10.750421737280345       0.53226427197914994       -3.4977404265729539E-002  -4.1732702402819219E-002  -3.4977404265729539E-002 -0.32723963946570794        5.1336023001980749E-003  -4.1732702402819219E-002   5.1336023001980749E-003 -0.20502463251344202     
   11.168098459897415       0.53099489949030110       -3.6272741876136098E-002  -4.1269609805226197E-002  -3.6272741876136098E-002 -0.32677359679024692        5.2441200700434091E-003  -4.1269609805226197E-002   5.2441200700434091E-003 -0.20422130270005445     
   11.591001822996303       0.52948728002227119       -3.7570845012720011E-002  -4.0802497690682005E-002  -3.7570845012720011E-002 -0.32627704340221092        5.3568378305823621E-003  -4.0802497690682005E-002   5.3568378305823621E-003 -0.20321023662006063     
   12.020102150955319       0.52775528438245178       -3.8874512099227050E-002  -4.0328908190663912E-002  -3.8874512099227050E-002 -0.32574723548755852        5.4715903541849627E-003  -4.0328908190663912E-002   5.4715903541849627E-003 -0.20200804889489357     
   12.456464344992060       0.52581141396505537       -4.0186810983417420E-002  -3.9846110128847902E-002  -4.0186810983417420E-002 -0.32518106158884941        5.5881546963754553E-003  -3.9846110128847902E-002   5.5881546963754553E-003 -0.20063035237620616     
   12.901235667207761       0.52366654973494975       -4.1511003926699819E-002  -3.9351131465072624E-002  -4.1511003926699819E-002 -0.32457501796020083        5.7062733616086228E-003  -3.9351131465072624E-002   5.7062733616086228E-003 -0.19909153177474859     
   13.355630523802546       0.52132986861687813       -4.2850467442322182E-002  -3.8840952682838777E-002  -4.2850467442322182E-002 -0.32392519218972871        5.8256316219238964E-003  -3.8840952682838777E-002   5.8256316219238964E-003 -0.19740467642714971     
   13.820913352453021       0.51880856361063632       -4.4208592811169199E-002  -3.8312539838124930E-002  -4.4208592811169199E-002 -0.32322725920982842        5.9458791201212873E-003  -3.8312539838124930E-002   5.9458791201212873E-003 -0.19558130440080793     
   14.298380876526098       0.51610784749483929       -4.5588698013272935E-002  -3.7763036525188011E-002  -4.5588698013272935E-002 -0.32247648582310673        6.0666033781783014E-003  -3.7763036525188011E-002   6.0666033781783014E-003 -0.19363136167173284     
   14.789344946301929       0.51323084403289121       -4.6993931570682462E-002  -3.7189780074290690E-002  -4.6993931570682462E-002 -0.32166774669452414        6.1873485207529118E-003  -3.7189780074290690E-002   6.1873485207529118E-003 -0.19156309733836729     
   15.295117162736648       0.51017881782071606       -4.8427203020528095E-002  -3.6590493657391171E-002  -4.8427203020528095E-002 -0.32079554654901582        6.3075837326492731E-003  -3.6590493657391171E-002   6.3075837326492731E-003 -0.18938327127169996     
   15.816996256765986       0.50695129347298296       -4.9891113739912465E-002  -3.5963298107381872E-002  -4.9891113739912465E-002 -0.31985405161388308        6.4267201329932877E-003  -3.5963298107381872E-002   6.4267201329932877E-003 -0.18709724185909987     
   16.356259077946781       0.50354649873501378       -5.1387924393215129E-002  -3.5306921311640725E-002  -5.1387924393215129E-002 -0.31883712344149862        6.5440755962125159E-003  -3.5306921311640725E-002   6.5440755962125159E-003 -0.18470937529351522     
   16.914155695733673       0.49996164075337440       -5.2919522601583002E-002  -3.4620707416419198E-002  -5.2919522601583002E-002 -0.31773835868009598        6.6588932526055822E-003  -3.4620707416419198E-002   6.6588932526055822E-003 -0.18222328207327806     
   17.491908883667662       0.49619347066324521       -5.4487431276517541E-002  -3.3904821170349472E-002  -5.4487431276517541E-002 -0.31655112698263177        6.7703057880638519E-003  -3.3904821170349472E-002   6.7703057880638519E-003 -0.17964234368061294     
   18.090717733108921       0.49223860481010689       -5.6092812194322050E-002  -3.3160198513200068E-002  -5.6092812194322050E-002 -0.31526861235181708        6.8773597541927972E-003  -3.3160198513200068E-002   6.8773597541927972E-003 -0.17696999245828857     
   18.711764789450950       0.48809407390437115       -5.7736504833810584E-002  -3.2388662296053673E-002  -5.7736504833810584E-002 -0.31388384972465883        6.9789833003696946E-003  -3.2388662296053673E-002   6.9789833003696946E-003 -0.17421022417971185     
   19.356225504638658       0.48375751087534530       -5.9419045392694644E-002  -3.1592720961425291E-002  -5.9419045392694644E-002 -0.31238976590071982        7.0740207185024002E-003  -3.1592720961425291E-002   7.0740207185024002E-003 -0.17136774497462512     
   20.025278605293366       0.47922748118827935       -6.1140713499108858E-002  -3.0775527577193255E-002  -6.1140713499108858E-002 -0.31077921787807578        7.1612065672534333E-003  -3.0775527577193255E-002   7.1612065672534333E-003 -0.16844826331020382     
   20.720115716225578       0.47450331023972808       -6.2901535554004559E-002  -2.9940521552457439E-002  -6.2901535554004559E-002 -0.30904504157186224        7.2392115962567330E-003  -2.9940521552457439E-002   7.2392115962567330E-003 -0.16545826866786553     
   21.441948970224196       0.46958499913902091       -6.4701303716979186E-002  -2.9091318579612141E-002  -6.4701303716979186E-002 -0.30718010508969879        7.3066210265396577E-003  -2.9091318579612141E-002   7.3066210265396577E-003 -0.16240489404932196     
   22.192015727392310       0.46447258667847374       -6.6539530006863787E-002  -2.8231385555503877E-002  -6.6539530006863787E-002 -0.30517738459092353        7.3619846595529663E-003  -2.8231385555503877E-002   7.3619846595529663E-003 -0.15929520208755080     
   22.971580513185938       0.45916569363730247       -6.8415405545152533E-002  -2.7364107858698260E-002  -6.8415405545152533E-002 -0.30303005545801026        7.4037889066310572E-003  -2.7364107858698260E-002   7.4037889066310572E-003 -0.15613563817929230     
   23.781934937649325       0.45366263099994381       -7.0327683739534408E-002  -2.6492717848514168E-002  -7.0327683739534408E-002 -0.30073161877033500        7.4304989371785871E-003  -2.6492717848514168E-002   7.4304989371785871E-003 -0.15293101222960928     
   24.624397225146403       0.44795994721934612       -7.2274582473681029E-002  -2.5620615449960166E-002  -7.2274582473681029E-002 -0.29827604475372199        7.4405177134539251E-003  -2.5620615449960166E-002   7.4405177134539251E-003 -0.14968390246562352     
   25.500312940406509       0.44205177072782659       -7.4253646395965225E-002  -2.4751427637603646E-002  -7.4253646395965225E-002 -0.29565794628825010        7.4322221065271565E-003  -2.4751427637603646E-002   7.4322221065271565E-003 -0.14639382443957735     
   26.411058422056261       0.43592997614821521       -7.6261732127517828E-002  -2.3889300711240496E-002  -7.6261732127517828E-002 -0.29287274523059992        7.4039261083183212E-003  -2.3889300711240496E-002   7.4039261083183212E-003 -0.14305723091761544     
   27.358047280249046       0.42958449052334186       -7.8295066919439230E-002  -2.3038801184905137E-002  -7.8295066919439230E-002 -0.28991683179581834        7.3539382820689420E-003  -2.3038801184905137E-002   7.3539382820689420E-003 -0.13966765872752432     
   28.342739496459934       0.42300491068982476       -8.0349562893896373E-002  -2.2204972433349228E-002  -8.0349562893896373E-002 -0.28678766965902203        7.2805572183317745E-003  -2.2204972433349228E-002   7.2805572183317745E-003 -0.13621724103080263     
   29.366651329117307       0.41618241525563143       -8.2421221270639972E-002  -2.1392929510393573E-002  -8.2421221270639972E-002 -0.28348388087143289        7.1821497003849797E-003  -2.1392929510393573E-002   7.1821497003849797E-003 -0.13269853438419804     
   30.431364084679821       0.40911265197797325       -8.4506619164994828E-002  -2.0607402951010146E-002  -8.4506619164994828E-002 -0.28000531003096929        7.0571482365414653E-003  -2.0607402951010146E-002   7.0571482365414653E-003 -0.12910734194700363     
   31.538529659346743       0.40179780658252079       -8.6603130069254020E-002  -1.9851565527403588E-002  -8.6603130069254020E-002 -0.27635319363951188        6.9041213333122138E-003  -1.9851565527403588E-002   6.9041213333122138E-003 -0.12544461294300863     
   32.689872172377093       0.39424840788306920       -8.8708899092255752E-002  -1.9125817445335022E-002  -8.8708899092255752E-002 -0.27253046095234146        6.7218197996588638E-003  -1.9125817445335022E-002   6.7218197996588638E-003 -0.12171794693072716     
   33.887185914930726       0.38648308311860818       -9.0822368990756422E-002  -1.8426978948507713E-002  -9.0822368990756422E-002 -0.26854226116794422        6.5093752443402819E-003  -1.8426978948507713E-002   6.5093752443402819E-003 -0.11794082195066433     
   35.132331644237951       0.37852742142198709       -9.2941678310442408E-002  -1.7749556039530129E-002  -9.2941678310442408E-002 -0.26439658792451171        6.2665488210076640E-003  -1.7749556039530129E-002   6.2665488210076640E-003 -0.11413083349747494     
   36.427233404183028       0.37041067268293665       -9.5063906188114181E-002  -1.7088914759946464E-002  -9.5063906188114181E-002 -0.26010489679805615        5.9941040154766713E-003  -1.7088914759946464E-002   5.9941040154766713E-003 -0.11030577588488041     
   37.773878443205952       0.36216284618870692       -9.7184654974704451E-002  -1.6444707016697931E-002  -9.7184654974704451E-002 -0.25568235270732287        5.6941421065358289E-003  -1.6444707016697931E-002   5.6941421065358289E-003 -0.10648049348138383     
   39.174321156380948       0.35381232658725276       -9.9297846770994250E-002  -1.5821106829494769E-002  -9.9297846770994250E-002 -0.25114761912841688        5.3703586363579832E-003  -1.5821106829494769E-002   5.3703586363579832E-003 -0.10266470745883605     
   40.630691157031983       0.34538685138798203      -0.10139604357431650       -1.5222507543684094E-002 -0.10139604357431650      -0.24652194543780845        5.0280164902356582E-003  -1.5222507543684094E-002   5.0280164902356582E-003  -9.8864905950173609E-002
   42.145203507859513       0.33691378547840006      -0.10347106717764350       -1.4647334524831794E-002 -0.10347106717764350      -0.24182749921238400        4.6735985200108661E-003  -1.4647334524831794E-002   4.6735985200108661E-003  -9.5086286266016590E-002
   43.720169150530019       0.32841637794095097      -0.10551559181794049       -1.4085357447648413E-002 -0.10551559181794049      -0.23708447874451771        4.3142207836122685E-003  -1.4085357447648413E-002   4.3142207836122685E-003  -9.1331899196432892E-002
   45.358002894898192       0.31990347413069115      -0.10752539029249115       -1.3521031248715520E-002 -0.10752539029249115      -0.23230756836842709        3.9570858797157377E-003  -1.3521031248715520E-002   3.9570858797157377E-003  -8.7595905762264253E-002
   47.061228098466103       0.31136403453878542      -0.10950122237084432       -1.2938965140388701E-002 -0.10950122237084432      -0.22750342782507849        3.6091051980581420E-003  -1.2938965140388701E-002   3.6091051980581420E-003  -8.3860606713707292E-002
   48.832477432714128       0.30277661396623651      -0.11144740611545009       -1.2326867800616590E-002 -0.11144740611545009      -0.22267265309461692        3.2765177942966008E-003  -1.2326867800616590E-002   3.2765177942966008E-003  -8.0103960871620083E-002
   50.674491323802933       0.29413689795253478      -0.11336637718510184       -1.1675130732993554E-002 -0.11336637718510184      -0.21781700105930338        2.9643774148644035E-003  -1.1675130732993554E-002   2.9643774148644035E-003  -7.6319896893230876E-002
   52.590115241248320       0.28548392674284601      -0.11525247688382587       -1.0977078286886434E-002 -0.11525247688382587      -0.21294799147227456        2.6763950011337010E-003  -1.0977078286886434E-002   2.6763950011337010E-003  -7.2535935270572449E-002
   54.582298510619367       0.27689627236524889      -0.11709268121791197       -1.0235000901430761E-002 -0.11709268121791197      -0.20808762872086212        2.4158943948558425E-003  -1.0235000901430761E-002   2.4158943948558425E-003  -6.8808643644385825E-002
   56.654095701862026       0.26845598037404600      -0.11887446666741204       -9.4685074260855099E-003 -0.11887446666741204      -0.20326039120609546        2.1867385506364741E-003  -9.4685074260855099E-003   2.1867385506364741E-003  -6.5195589167949763E-002
   58.808672155052584       0.26021026720501467      -0.12059283265646274       -8.7098361641875285E-003 -0.12059283265646274      -0.19848388846849155        1.9923843918346631E-003  -8.7098361641875285E-003   1.9923843918346631E-003  -6.1726378736523480E-002
   61.049312668580576       0.25216748303654996      -0.12224794733097470       -7.9924715933878971E-003 -0.12224794733097470      -0.19376962227915451        1.8337409608715069E-003  -7.9924715933878971E-003   1.8337409608715069E-003  -5.8397860757396114E-002
   63.379432929363823       0.24433758823347612      -0.12383729520894794       -7.3438466528439961E-003 -0.12383729520894794      -0.18913283240088288        1.7073740837955118E-003  -7.3438466528439961E-003   1.7073740837955118E-003  -5.5204755832593322E-002
   65.802590688692888       0.23674649450321944      -0.12535973506802003       -6.7789040354568654E-003 -0.12535973506802003      -0.18458964531462929        1.6061753121805532E-003  -6.7789040354568654E-003   1.6061753121805532E-003  -5.2156849188590815E-002
   68.322496011261492       0.22940549069900501      -0.12682916297518573       -6.2950242735647730E-003 -0.12682916297518573      -0.18013789048121093        1.5219562118186170E-003  -6.2950242735647730E-003   1.5219562118186170E-003  -4.9267600217793694E-002
   70.943018883658056       0.22229729880599541      -0.12827386173856184       -5.8774496003917492E-003 -0.12827386173856184      -0.17575204578082745        1.4434331539229146E-003  -5.8774496003917492E-003   1.4434331539229146E-003  -4.6545253025167543E-002
   73.668194634048660       0.21543866042150400      -0.12971352639052858       -5.5137059588849383E-003 -0.12971352639052858      -0.17141527321493316        1.3538973287933150E-003  -5.5137059588849383E-003   1.3538973287933150E-003  -4.4023387206571063E-002
   76.502224886560185       0.20893450553266463      -0.13114128204274786       -5.2031100782107802E-003 -0.13114128204274786      -0.16715265018452793        1.2345559223284595E-003  -5.2031100782107802E-003   1.2345559223284595E-003  -4.1781855348136776E-002
   79.449477337105321       0.20290373271832246      -0.13252599468890494       -4.9397084881277016E-003 -0.13252599468890494      -0.16301566353117275        1.0678986028986154E-003  -4.9397084881277016E-003   1.0678986028986154E-003  -3.9888069187149489E-002
   82.514486802292595       0.19738509151024225      -0.13381815515062057       -4.6972274034909663E-003 -0.13381815515062057      -0.15905437545764495        8.3746389920370801E-004  -4.6972274034909663E-003   8.3746389920370801E-004  -3.8330716052597191E-002
   85.701959510350378       0.19231324494799512      -0.13497684630986245       -4.4436344373103304E-003 -0.13497684630986245      -0.15529579331333759        5.3811256105291017E-004  -4.4436344373103304E-003   5.3811256105291017E-004  -3.7017451634657528E-002
   89.016778795060503       0.18757310317166803      -0.13600646401899316       -4.1219710265119267E-003 -0.13600646401899316      -0.15173325615265890        1.7588898805756837E-004  -4.1219710265119267E-003   1.7588898805756837E-004  -3.5839847019008719E-002
   92.464015045434053       0.18307384780455521      -0.13694314297478138       -3.7546809985186491E-003 -0.13694314297478138      -0.14834296247827422       -2.3288514187713166E-004  -3.7546809985186491E-003  -2.3288514187713166E-004  -3.4730885326281047E-002
   96.048936725972339       0.17871642486617750      -0.13781212375388893       -3.4520731960987019E-003 -0.13781212375388893      -0.14508971941015072       -6.8054069950903196E-004  -3.4520731960987019E-003  -6.8054069950903196E-004  -3.3626705456026917E-002
   99.777027353269787       0.17448762959806169      -0.13861554859109493       -3.2061666678855879E-003 -0.13861554859109493      -0.14197054503860274       -1.1600688394624650E-003  -3.2061666678855879E-003  -1.1600688394624650E-003  -3.2517084559459342E-002
   103.65400378305438       0.17045992141149374      -0.13931797961013997       -2.9242111584573370E-003 -0.13931797961013997      -0.13900786096891810       -1.6494958946688780E-003  -2.9242111584573370E-003  -1.6494958946688780E-003  -3.1452060442574870E-002
   107.68583004290389       0.16658789726290696      -0.13987447066329040       -2.5388552596088652E-003 -0.13987447066329040      -0.13621876344435935       -2.1313695418313638E-003  -2.5388552596088652E-003  -2.1313695418313638E-003  -3.0369133818547556E-002
   111.87871718068372       0.16285574569461436      -0.14024378990420153       -2.0745533057642540E-003 -0.14024378990420153      -0.13365674884215054       -2.5787121710554302E-003  -2.0745533057642540E-003  -2.5787121710554302E-003  -2.9198996852464187E-002
   116.23912348179915       0.15931754008954796      -0.14043331272873710       -1.5822886991726029E-003 -0.14043331272873710      -0.13130076278576872       -2.9292170623993544E-003  -1.5822886991726029E-003  -2.9292170623993544E-003  -2.8016777303778717E-002
   120.77375956310412       0.15595389921230018      -0.14052024348388242       -1.1079142699807908E-003 -0.14052024348388242      -0.12896369229131485       -3.1408214924225882E-003  -1.1079142699807908E-003  -3.1408214924225882E-003  -2.6990206920986026E-002
   125.48959312708995       0.15279987454869121      -0.14058516176736779       -7.8205135702136155E-004 -0.14058516176736779      -0.12647283072105514       -3.2245071583349534E-003  -7.8205135702136155E-004  -3.2245071583349534E-003  -2.6327043827636065E-002
   130.39383573732550       0.14998721341206184      -0.14063749621396818       -6.0408432385778896E-004 -0.14063749621396818      -0.12383300688706148       -3.1972298764538836E-003  -6.0408432385778896E-004  -3.1972298764538836E-003  -2.6154206524999724E-002
   135.49394864783241       0.14739380300781890      -0.14063232729698041       -4.0772340719690388E-004 -0.14063232729698041      -0.12113950729751141       -3.0883869893307630E-003  -4.0772340719690388E-004  -3.0883869893307630E-003  -2.6254295710306630E-002
   140.79768685851735       0.14476198066752738      -0.14062154506713215       -7.6403217919509972E-005 -0.14062154506713215      -0.11837420838185062       -2.9311646985674031E-003  -7.6403217919509972E-005  -2.9311646985674031E-003  -2.6387772285676403E-002
   146.31312494319798       0.14200188177178580      -0.14069885858151646        4.7741434449479245E-004 -0.14069885858151646      -0.11542952632643580       -2.7803270948147767E-003   4.7741434449479245E-004  -2.7803270948147767E-003  -2.6572355445350804E-002
   152.04866408254415       0.13908091751853408      -0.14082686973544972        1.1971051240926641E-003 -0.14082686973544972      -0.11230071990862403       -2.6547546881388706E-003   1.1971051240926641E-003  -2.6547546881388706E-003  -2.6780197609909406E-002
   158.01310869195265       0.13607399648159235      -0.14088056800280510        1.9950056488298009E-003 -0.14088056800280510      -0.10910356282747963       -2.6077010449104352E-003   1.9950056488298009E-003  -2.6077010449104352E-003  -2.6970433654113113E-002
   164.21569891837888       0.13341322931857608      -0.14073342551667287        2.6763218055763267E-003 -0.14073342551667287      -0.10615161086019173       -2.6132391207383358E-003   2.6763218055763267E-003  -2.6132391207383358E-003  -2.7261618458383874E-002
   170.66607021371547       0.13150365663709751      -0.14037162307861784        3.1027541426707360E-003 -0.14037162307861784      -0.10367125872982963       -2.5785595625126487E-003   3.1027541426707360E-003  -2.5785595625126487E-003  -2.7832397907267103E-002
   177.37423065926083       0.13032497774537694      -0.13989491814079066        3.0231943845812075E-003 -0.13989491814079066      -0.10149153390895480       -2.4442258944339756E-003   3.0231943845812075E-003  -2.4442258944339756E-003  -2.8833443836422723E-002
   184.35058998053870       0.12949759521733578      -0.13936821423222409        2.3952296012447706E-003 -0.13936821423222409       -9.9214499243299503E-002  -2.1810040429601891E-003   2.3952296012447706E-003  -2.1810040429601891E-003  -3.0283095974036334E-002
   191.60594168495712       0.12866980801500366      -0.13878451541963549        1.4123465048320382E-003 -0.13878451541963549       -9.6715582941726913E-002  -1.9108351023387866E-003   1.4123465048320382E-003  -1.9108351023387866E-003  -3.1954225073277442E-002
   199.15141055198967       0.12746123264153597      -0.13817397914631904        4.5666974037747454E-004 -0.13817397914631904       -9.3908273839366507E-002  -1.7331145027826515E-003   4.5666974037747454E-004  -1.7331145027826515E-003  -3.3552958802169741E-002
   206.99841722107217       0.12566577588275579      -0.13759928263668447       -2.7010909519681277E-004 -0.13759928263668447       -9.0760630536181608E-002  -1.6352444984136045E-003  -2.7010909519681277E-004  -1.6352444984136045E-003  -3.4905145346574629E-002
   215.15881007608564       0.12394224006560201      -0.13706257432199237       -7.8846476107298459E-004 -0.13706257432199237       -8.7413085885853836E-002  -1.7119803888022891E-003  -7.8846476107298459E-004  -1.7119803888022891E-003  -3.6529154179748391E-002
   223.64492487355457       0.12269987875800120      -0.13647366185256551       -1.0525341521007967E-003 -0.13647366185256551       -8.4070924081697251E-002  -2.0410861896318264E-003  -1.0525341521007967E-003  -2.0410861896318264E-003  -3.8628954676304117E-002
   232.46959648971853       0.12216436796200453      -0.13593311128261298       -1.1483016302962056E-003 -0.13593311128261298       -8.0808526601385933E-002  -2.6514313446859348E-003  -1.1483016302962056E-003  -2.6514313446859348E-003  -4.1355841360618817E-002
   241.64625839093389       0.12215095230963008      -0.13531243814457905       -6.8065744171226961E-004 -0.13531243814457905       -7.7244227841051449E-002  -3.5276535931795003E-003  -6.8065744171226961E-004  -3.5276535931795003E-003  -4.4906724468578740E-002
   251.18901497061819       0.12219175138168870      -0.13433561627226281        3.4311283398965746E-004 -0.13433561627226281       -7.3299162978804622E-002  -4.5135900480509621E-003   3.4311283398965746E-004  -4.5135900480509621E-003  -4.8892588402884019E-002
   261.11268452473706       0.12146873183411083      -0.13294014298770296        1.9001043687052179E-003 -0.13294014298770296       -6.8972571955178863E-002  -5.6903688364152343E-003   1.9001043687052179E-003  -5.6903688364152343E-003  -5.2496159878931747E-002
   271.43274825184011       0.12002893044649082      -0.13132663255683244        3.6778771009186744E-003 -0.13132663255683244       -6.3996648987023785E-002  -6.8604911076365991E-003   3.6778771009186744E-003  -6.8604911076365991E-003  -5.6032281459465927E-002
   282.16511127758201       0.11917377271137164      -0.12955800859831382        5.0876252804265753E-003 -0.12955800859831382       -5.8605156522430424E-002  -8.0535116415703170E-003   5.0876252804265753E-003  -8.0535116415703170E-003  -6.0568616188940938E-002
   293.32602911434162       0.11823091611803527      -0.12771655726165604        5.2067690545575121E-003 -0.12771655726165604       -5.3004230610209202E-002  -8.9756899561243067E-003   5.2067690545575121E-003  -8.9756899561243067E-003  -6.5226685507826454E-002
   304.93233365746397       0.11592668811487727      -0.12597036354916263        4.2554772780453989E-003 -0.12597036354916263       -4.7096976888579334E-002  -9.5364151402664819E-003   4.2554772780453989E-003  -9.5364151402664819E-003  -6.8829711226297607E-002
   317.00148039589868       0.11212918668301408      -0.12445513593708463        3.1524883683625281E-003 -0.12445513593708463       -4.0644859537671774E-002  -9.6292688516250481E-003   3.1524883683625281E-003  -9.6292688516250481E-003  -7.1484327145342363E-002
   329.55125514728331       0.10728778750554552      -0.12326516385681642        2.3815673908832557E-003 -0.12326516385681642       -3.3473292649810304E-002  -9.1325187235808229E-003   2.3815673908832557E-003  -9.1325187235808229E-003  -7.3814494855734325E-002
   342.59998773576444       0.10211445727166757      -0.12239589465258915        2.5145715691671415E-003 -0.12239589465258915       -2.6018794552101210E-002  -9.2011797070264550E-003   2.5145715691671415E-003  -9.2011797070264550E-003  -7.6095662719565471E-002
   356.16681579966837        9.6317887588204643E-002 -0.12166399945711438        2.2076580111571472E-003 -0.12166399945711438       -1.8028039001948493E-002  -9.3362081215473403E-003   2.2076580111571472E-003  -9.3362081215473403E-003  -7.8289848586256039E-002
   370.27143340245220        9.0428841608189869E-002 -0.12143160022576685        2.1753606408342831E-003 -0.12143160022576685       -8.7065612941544801E-003  -9.8292577278095705E-003   2.1753606408342831E-003  -9.8292577278095705E-003  -8.1722280314034446E-002
   384.93391383366253        8.5933298999825602E-002 -0.12166022072053605        3.4733350776846809E-003 -0.12166022072053605        1.1411072367760178E-003  -1.0815332734157721E-002   3.4733350776846809E-003  -1.0815332734157721E-002  -8.7074406236601509E-002
   400.17494929288432        8.1991443597712932E-002 -0.12185542646433201        3.7763908594517183E-003 -0.12185542646433201        1.0741697147935214E-002  -1.1371671410330769E-002   3.7763908594517183E-003  -1.1371671410330769E-002  -9.2733140745647896E-002
   416.01586823167099        7.7609075792380189E-002 -0.12160518958717013        3.7492409862869645E-003 -0.12160518958717013        2.0957366844850556E-002  -1.2081987781160531E-002   3.7492409862869645E-003  -1.2081987781160531E-002  -9.8566442637230800E-002
   432.47790775965092        7.2231169320175370E-002 -0.12105317513836687        2.1513356760236003E-003 -0.12105317513836687        3.2672047508527979E-002  -1.1690236472674953E-002   2.1513356760236003E-003  -1.1690236472674953E-002 -0.10490321682870241     
   449.58204878237285        6.4487804225756451E-002 -0.11979902951174674       -5.3560300054716241E-004 -0.11979902951174674        4.5666482768984773E-002  -1.0617621240551638E-002  -5.3560300054716241E-004  -1.0617621240551638E-002 -0.11015428699474067     
   467.34865942156165        5.3069485336620148E-002 -0.11842993817738745       -3.0969942995658523E-004 -0.11842993817738745        6.0432859072738321E-002  -9.3472936094329290E-003  -3.0969942995658523E-004  -9.3472936094329290E-003 -0.11350234440935794     
   485.79717642213006        4.2172528380647833E-002 -0.11706147903998872        1.7733408255991147E-003 -0.11706147903998872        7.4355955593255363E-002  -7.2372151692616134E-003   1.7733408255991147E-003  -7.2372151692616134E-003 -0.11652848397390295     
   504.94647185564043        3.6517221663869281E-002 -0.11635564707209803        3.5578376799541870E-003 -0.11635564707209803        8.5229485067767063E-002  -4.5628679827748545E-003   3.5578376799541870E-003  -4.5628679827748545E-003 -0.12174670673163671     
   524.81439066375697        3.4473248026100467E-002 -0.11808534849547614        5.6952417270008798E-003 -0.11808534849547614        9.5960002048914250E-002  -3.5422961933370997E-003   5.6952417270008798E-003  -3.5422961933370997E-003 -0.13043325007501530     
   545.41696890626827        3.4717085194170716E-002 -0.11925606757809602        1.0192530856383029E-002 -0.11925606757809602       0.10733050532873994       -5.7838264736951653E-003   1.0192530856383029E-002  -5.7838264736951653E-003 -0.14204759052291058     
   566.76831056763149        3.6575100609855471E-002 -0.11700574190547053        1.2323308672708835E-002 -0.11700574190547053       0.11916830034730258       -8.7977437725965633E-003   1.2323308672708835E-002  -8.7977437725965633E-003 -0.15574340095715808     
   588.88081592853484        3.8121887015228673E-002 -0.11349258521451859        6.7913238082439225E-003 -0.11349258521451859       0.12939169685104873       -9.6096612336402914E-003   6.7913238082439225E-003  -9.6096612336402914E-003 -0.16751358386627799     
   611.76526771957197        3.5716756182170184E-002 -0.11145792414474900       -4.6668929716454195E-004 -0.11145792414474900       0.13825388060811938       -7.7903958657950211E-003  -4.6668929716454195E-004  -7.7903958657950211E-003 -0.17397063679028946     
   635.43034240309566        2.6677046390888082E-002 -0.10864599772263765       -3.5339725859850801E-003 -0.10864599772263765       0.15203821933622980       -5.2336643055637885E-003  -3.5339725859850801E-003  -5.2336643055637885E-003 -0.17871526572711793     
   659.88223453088460        1.5069393359930183E-002 -0.10161041671328229       -1.1004487131623020E-003 -0.10161041671328229       0.17050492226535202       -3.6643216367864048E-003  -1.1004487131623020E-003  -3.6643216367864048E-003 -0.18557431562528245     
   685.12531376098309        8.4790508282121535E-003  -9.3001203036457966E-002   2.9531299784768764E-003  -9.3001203036457966E-002  0.18730124302059187       -1.6383716843908689E-003   2.9531299784768764E-003  -1.6383716843908689E-003 -0.19578029384880316     
   711.16329513803589        7.7512866857776808E-003  -8.7067068905380865E-002   5.2990589823822612E-003  -8.7067068905380865E-002  0.20145622594556595        7.6170188419975437E-004   5.2990589823822612E-003   7.6170188419975437E-004 -0.20920751263134374     
   737.99964223643303        1.2826558837827073E-002  -8.0076702963441229E-002   3.6714763863493461E-003  -8.0076702963441229E-002  0.21021712742421944        1.8281952647430030E-004   3.6714763863493461E-003   1.8281952647430030E-004 -0.22304368626204674     
   765.63737717958099        2.2659999123080810E-002  -6.9290765861988485E-002   8.6253748815102364E-004  -6.9290765861988485E-002  0.21052914216424251       -2.8795913534732103E-003   8.6253748815102364E-004  -2.8795913534732103E-003 -0.23318914128732277     
   794.07945845843915        3.1846645023697329E-002  -6.1193632449601833E-002   8.7323264085239572E-004  -6.1193632449601833E-002  0.20749079715192026       -5.7139949057913100E-003   8.7323264085239572E-004  -5.7139949057913100E-003 -0.23933744217561820     
   823.32978119168297        4.2110626854131361E-002  -5.7783166545608333E-002   3.8438326258091564E-003  -5.7783166545608333E-002  0.20081294413884004       -8.7613758159966471E-003   3.8438326258091564E-003  -8.7613758159966471E-003 -0.24292357099297190     
   853.39375177028501        6.1522699877856357E-002  -5.0007780159484289E-002   6.1280021553936689E-003  -5.0007780159484289E-002  0.18708355885241185       -1.0844039563913804E-002   6.1280021553936689E-003  -1.0844039563913804E-002 -0.24860625873026840     
   884.27824651153401        8.6368208106040567E-002  -3.1350374086082676E-002   4.0567379654226909E-003  -3.1350374086082676E-002  0.17218248642191886       -8.8084597399825902E-003   4.0567379654226909E-003  -8.8084597399825902E-003 -0.25855069452795904     
   915.99167494496101       0.10729274523350102       -1.1924593691935218E-002   4.8447127615462308E-004  -1.1924593691935218E-002  0.16312337221141582       -4.7097939506448765E-003   4.8447127615462308E-004  -4.7097939506448765E-003 -0.27041611744491695     
   948.54429799603327       0.12207221050999062       -3.5533952350232725E-003  -6.6367360213110879E-004  -3.5533952350232725E-003  0.15959875754491126       -2.2900178568224794E-003  -6.6367360213110879E-004  -2.2900178568224794E-003 -0.28167096805490188     
   981.94837948654845       0.13281495274246630       -2.6849786847008977E-003  -7.0369398790991417E-004  -2.6849786847008977E-003  0.15692497902585451       -1.6343545458287142E-003  -7.0369398790991417E-004  -1.6343545458287142E-003 -0.28973993176832041     
   1016.2180226328335       0.14194372965596397       -2.7765487676493002E-003  -7.8819765564149349E-004  -2.7765487676493002E-003  0.15382453297266446       -1.3856441407675828E-003  -7.8819765564149349E-004  -1.3856441407675828E-003 -0.29576826262862788     
   1051.3689442270027       0.15037049830479088       -2.3386012496252910E-003  -8.3581873366630154E-004  -2.3386012496252910E-003  0.15052014310695638       -1.1237963282488095E-003  -8.3581873366630154E-004  -1.1237963282488095E-003 -0.30089064141174676     
   1087.4183259718016       0.15826255311182502       -1.8591438750564194E-003  -8.2290898998929314E-004  -1.8591438750564194E-003  0.14707529473080166       -9.2667648833001128E-004  -8.2290898998929314E-004  -9.2667648833001128E-004 -0.30533784784262663     
   1124.3846638443313       0.16580221038356074       -1.4668241041884604E-003  -7.4729240860812313E-004  -1.4668241041884604E-003  0.14343550633387403       -7.7656211285052120E-004  -7.4729240860812313E-004  -7.7656211285052120E-004 -0.30923771671743444     
   1162.2875730973931       0.17322695856395637       -1.0064416120171592E-003  -6.5430543409825224E-004  -1.0064416120171592E-003  0.13946729017835025       -6.4359079334227304E-004  -6.5430543409825224E-004  -6.4359079334227304E-004 -0.31269424874230678     
   1201.1476217263046       0.18062866063018740       -4.3556179647758809E-004  -5.7303608702909071E-004  -4.3556179647758809E-004  0.13513127554213339       -5.3368542798789469E-004  -5.7303608702909071E-004  -5.3368542798789469E-004 -0.31575993617232107     
   1240.9862508028339       0.18804502329309997        2.3909343329133706E-004  -4.9576109188447664E-004   2.3909343329133706E-004  0.13042106922949759       -4.4638764252191173E-004  -4.9576109188447664E-004  -4.4638764252191173E-004 -0.31846609252259744     
   1281.8257797989895       0.19552481087056300        1.0295343791805933E-003  -4.1620865667463822E-004   1.0295343791805933E-003  0.12532003946509729       -3.7054544633372276E-004  -4.1620865667463822E-004  -3.7054544633372276E-004 -0.32084485033566035     
   1323.6894688478358       0.20312675149587139        1.9558960252409221E-003  -3.3985012369042687E-004   1.9558960252409221E-003  0.11979929782907506       -3.0266286356842937E-004  -3.3985012369042687E-004  -3.0266286356842937E-004 -0.32292604932494678     
   1366.6015984302092       0.21089254337972557        3.0315415150178214E-003  -2.7290720514007503E-004   3.0315415150178214E-003  0.11384007949850899       -2.4559515344869004E-004  -2.7290720514007503E-004  -2.4559515344869004E-004 -0.32473262287823457     
   1410.5875159744919       0.21885107855755453        4.2683406502793822E-003  -2.1588533355810317E-004   4.2683406502793822E-003  0.10743520686802793       -1.9887559795932352E-004  -2.1588533355810317E-004  -1.9887559795932352E-004 -0.32628628542558191     
   1455.6736017584683       0.22702870647662482        5.6793920444007185E-003  -1.6724801214716367E-004   5.6793920444007185E-003  0.10058155365548382       -1.5959090518256953E-004  -1.6724801214716367E-004  -1.5959090518256953E-004 -0.32761026013210837     
   1501.8871371202665       0.23544964322154766        7.2759210284012912E-003  -1.2654264364448848E-004   7.2759210284012912E-003   9.3277928252844033E-002  -1.2637331710402047E-004  -1.2654264364448848E-004  -1.2637331710402047E-004 -0.32872757147439235     
   1549.2561004072211       0.24413186307351470        9.0665968513505800E-003  -9.3712658358563087E-005   9.0665968513505800E-003   8.5528589290506885E-002  -9.9061530134809131E-005  -9.3712658358563087E-005  -9.9061530134809131E-005 -0.32966045236402047     
   1597.8089527594113       0.25308535929799852        1.1057788168837745E-002  -6.8012143705925318E-005   1.1057788168837745E-002   7.7345243543509468E-002  -7.7063300157982173E-005  -6.8012143705925318E-005  -7.7063300157982173E-005 -0.33043060284150694     
   1647.5744929573636       0.26231279703727511        1.3252971738211909E-002  -4.8251630531222506E-005   1.3252971738211909E-002   6.8746254727219014E-002  -5.9374909704198843E-005  -4.8251630531222506E-005  -5.9374909704198843E-005 -0.33105905176449352     
   1698.5818537741109       0.27180973160466576        1.5652080257293768E-002  -3.3345962211761596E-005   1.5652080257293768E-002   5.9755982652650474E-002  -4.5207374032989662E-005  -3.3345962211761596E-005  -4.5207374032989662E-005 -0.33156571425731557     
   1750.8606803770178       0.28156423029880212        1.8251588516591664E-002  -2.2401744477677610E-005   1.8251588516591664E-002   5.0404838995027346E-002  -3.4035248833011645E-005  -2.2401744477677610E-005  -3.4035248833011645E-005 -0.33196906929382952     
   1804.4414678038729       0.29155715901449458        2.1045123020363290E-002  -1.4600513329840866E-005   2.1045123020363290E-002   4.0728832281590299E-002  -2.5369463850038702E-005  -1.4600513329840866E-005  -2.5369463850038702E-005 -0.33228599129608483     
   1859.3559568988885       0.30176325863802206        2.4024224482272257E-002  -9.1915276775148532E-006   2.4024224482272257E-002   3.0768365143668652E-002  -1.8716443945718286E-005  -9.1915276775148532E-006  -1.8716443945718286E-005 -0.33253162378169004     
   1915.6374149486137       0.31215239187491090        2.7178956663798246E-002  -5.5478163042794712E-006   2.7178956663798246E-002   2.0566907232179910E-002  -1.3652368568734639E-005  -5.5478163042794712E-006  -1.3652368568734639E-005 -0.33271929910709097     
   1973.3206505950920       0.32269049191309623        3.0498026129555444E-002  -3.1794315792604646E-006   3.0498026129555444E-002   1.0170038470813492E-002  -9.8435551573197769E-006  -3.1794315792604646E-006  -9.8435551573197769E-006 -0.33286053038390845     
   2032.4417206346247       0.33334029004096316        3.3968248175304284E-002  -1.7086182037593785E-006   3.3968248175304284E-002  -3.7521015833275051E-004  -7.0179967830899899E-006  -1.7086182037593785E-006  -7.0179967830899899E-006 -0.33296507988263069     
   2093.0374936984099       0.34406202107201184        3.7573873377865420E-002  -8.4614341266547564E-007   3.7573873377865420E-002  -1.1020914815984217E-002  -4.9478217942268909E-006  -8.4614341266547564E-007  -4.9478217942268909E-006 -0.33304110625602673     
   2155.1453925406013       0.35481432166242138        4.1296435164820261E-002  -3.7715239059558476E-007   4.1296435164820261E-002  -2.1719047686861503E-002  -3.4481769360327218E-006  -3.7715239059558476E-007  -3.4481769360327218E-006 -0.33309527397555982     
   2218.8035138503806       0.36555542330417351        4.5115529295811571E-002  -1.4798420072846389E-007   4.5115529295811571E-002  -3.2422478179206626E-002  -2.3763983025387767E-006  -1.4798420072846389E-007  -2.3763983025387767E-006 -0.33313294512496733     
   2284.0511140508138       0.37624446656566995        4.9010249541651292E-002  -5.3265112322041229E-008   4.9010249541651292E-002  -4.3086024603046114E-002  -1.6225238825056801E-006  -5.3265112322041229E-008  -1.6225238825056801E-006 -0.33315844196262351     
   2350.9287591215984       0.38684255966313402        5.2960534765830333E-002  -2.1817980894506160E-008   5.2960534765830333E-002  -5.3667522454435790E-002  -1.1039843887193017E-006  -2.1817980894506160E-008  -1.1039843887193017E-006 -0.33317503720869779     
   2419.4780476996916       0.39731379878691170        5.6948115537692370E-002  -8.1795423530868693E-009   5.6948115537692370E-002  -6.4128579127297358E-002  -7.5883134872625848E-007  -8.1795423530868693E-009  -7.5883134872625848E-007 -0.33318521965961367     
   2489.7411606926089       0.40762572675190584        6.0956602571174717E-002   6.7331221682338928E-009   6.0956602571174717E-002  -7.4434782974006408E-002  -5.3099010612543137E-007   6.7331221682338928E-009  -5.3099010612543137E-007 -0.33319094377789887     
   2561.7613341622373       0.41775009379251143        6.4970884443580665E-002   3.2159592117496507E-008   6.4970884443580665E-002  -8.4556466451373574E-002  -3.8734481747818846E-007   3.2159592117496507E-008  -3.8734481747818846E-007 -0.33319362734113744     
   2635.5841056868012       0.42766185022103903        6.8975872800728505E-002   6.8683856309059468E-008   6.8975872800728505E-002  -9.4467512337151421E-002  -3.0571190161734637E-007   6.8683856309059468E-008  -3.0571190161734637E-007 -0.33319433788388736     
   2711.2556215216327       0.43733850209764641        7.2955414674898314E-002   1.0398453417621444E-007   7.2955414674898314E-002 -0.10414474695596360       -2.5968144263305225E-007   1.0398453417621444E-007  -2.5968144263305225E-007 -0.33319375514168242     
   2788.8207766046371       0.44676119351120608        7.6894184998529111E-002   1.2620827459772651E-007   7.6894184998529111E-002 -0.11356875432485700       -2.3285520440565917E-007   1.2620827459772651E-007  -2.3285520440565917E-007 -0.33319243918634994     
   2868.3230114416192       0.45591474029751872        8.0780383426575925E-002   1.2418405339875564E-007   8.0780383426575925E-002 -0.12272400004937817       -2.1190634878795492E-007   1.2418405339875564E-007  -2.1190634878795492E-007 -0.33319074024814116     
   2949.8036841546304       0.46478719400804686        8.4604571301270262E-002   9.0216604454152808E-008   8.4604571301270262E-002 -0.13159827799200763       -1.8842998762983041E-007   9.0216604454152808E-008  -1.8842998762983041E-007 -0.33318891601603906     
   3033.3014885304483       0.47336895419240715        8.8357213444785934E-002   2.2869808006572027E-008   8.8357213444785934E-002 -0.14018182857615222       -1.5770670932979117E-007   2.2869808006572027E-008  -1.5770670932979117E-007 -0.33318712561625563     
   3118.8531333439628       0.48165193127533840        9.2028554673268800E-002  -7.0423446568179826E-008   9.2028554673268800E-002 -0.14846645749555537       -1.1967337424433621E-007  -7.0423446568179826E-008  -1.1967337424433621E-007 -0.33318547377978386     
   3206.4926040649320       0.48963039609368270        9.5610863661222470E-002  -1.7176858831772663E-007   9.5610863661222470E-002 -0.15644637812450762       -7.9963808635531010E-008  -1.7176858831772663E-007  -7.9963808635531010E-008 -0.33318401796917468     
   3296.2575288010353       0.49730032275616726        9.9098552033503276E-002  -2.5379285948748281E-007   9.9098552033503276E-002 -0.16411753368708731       -4.9326607812916749E-008  -2.5379285948748281E-007  -4.9326607812916749E-008 -0.33318278906908017     
