  0.48869394273035915       0.13041513321462267       -8.4478181081982368E-004  -5.1961122149902124E-002  -8.4478181081982368E-004 -0.33331059461003498        9.9573252838470539E-004  -5.1961122149902124E-002   9.9573252838470539E-004  0.20289546139541254     
  0.97733226291742825       0.24284566247430744       -2.1643920668670547E-003  -5.5152190184261721E-002  -2.1643920668670547E-003 -0.33323117620865833        1.8461761873474522E-003  -5.5152190184261721E-002   1.8461761873474522E-003   9.0385513734350387E-002
   1.4659363929619185       0.29607026721488700       -3.6423541823221097E-003  -5.7242778400881281E-002  -3.6423541823221097E-003 -0.33310470757533434        2.5370040032179704E-003  -5.7242778400881281E-002   2.5370040032179704E-003   3.7034440360447340E-002
   1.9545276522338209       0.33120660861901835       -5.2410625252176978E-003  -5.8974331569861371E-002  -5.2410625252176978E-003 -0.33294127091830816        3.1079425261960696E-003  -5.8974331569861371E-002   3.1079425261960696E-003   1.7346622992894800E-003
   2.4431276862346989       0.35783171776774741       -6.9336433897940492E-003  -6.0376318862862995E-002  -6.9336433897940492E-003 -0.33274856210482734        3.5834514065877870E-003  -6.0376318862862995E-002   3.5834514065877870E-003  -2.5083155662920464E-002
   2.9317584897513260       0.37929436637496944       -8.6958232151516414E-003  -6.1457562708482308E-002  -8.6958232151516414E-003 -0.33253223724229430        3.9830551158387233E-003  -6.1457562708482308E-002   3.9830551158387233E-003  -4.6762129132674524E-002
   3.4204426775047447       0.39707256130991525       -1.0506246214768904E-002  -6.2242158627244755E-002  -1.0506246214768904E-002 -0.33229593502344396        4.3233349405517119E-003  -6.2242158627244755E-002   4.3233349405517119E-003  -6.4776626286471184E-002
   3.9092033422499926       0.41194324907854757       -1.2347210390645447E-002  -6.2765807509369137E-002  -1.2347210390645447E-002 -0.33204157882667290        4.6185241728108955E-003  -6.2765807509369137E-002   4.6185241728108955E-003  -7.9901670251874779E-002
   4.3980642900030738       0.42438391508075574       -1.4204817035391578E-002  -6.3069096803689856E-002  -1.4204817035391578E-002 -0.33176966322827900        4.8805260990529547E-003  -6.3069096803689856E-002   4.8805260990529547E-003  -9.2614251852476653E-002
   4.8870504651843145       0.43472918540028022       -1.6068636978298703E-002  -6.3192230510830991E-002  -1.6068636978298703E-002 -0.33147958407697919        5.1191708429580984E-003  -6.3192230510830991E-002   5.1191708429580984E-003 -0.10324960132330113     
   5.3761890739304601       0.44323996527964088       -1.7931089796801674E-002  -6.3171904326667791E-002  -1.7931089796801674E-002 -0.33116993575042142        5.3422700169309702E-003  -6.3171904326667791E-002   5.3422700169309702E-003 -0.11207002952921988     
   5.8655114215775361       0.45013301334546846       -1.9786707688599855E-002  -6.3039485503168402E-002  -1.9786707688599855E-002 -0.33083877484507040        5.5559482491014363E-003  -6.3039485503168402E-002   5.5559482491014363E-003 -0.11929423850039761     
   6.3550555532361326       0.45559614100213414       -2.1631475790727054E-002  -6.2820567223510843E-002  -2.1631475790727054E-002 -0.33048382787772274        5.7647819736670594E-003  -6.2820567223510843E-002   5.7647819736670594E-003 -0.12511231312441073     
   6.8448695149039365       0.45979449688610580       -2.3462283216597098E-002  -6.2534969491086889E-002  -2.3462283216597098E-002 -0.33010265364111513        5.9721458550004566E-003  -6.2534969491086889E-002   5.9721458550004566E-003 -0.12969184324499128     
   7.3350150224766288       0.46287497811674289       -2.5276554559153765E-002  -6.2197409055320924E-002  -2.5276554559153765E-002 -0.32969275641688539        6.1803488009874131E-003  -6.2197409055320924E-002   6.1803488009874131E-003 -0.13318222169985711     
   7.8255713356410022       0.46496796067066531       -2.7072005904282579E-002  -6.1818103536404781E-002  -2.7072005904282579E-002 -0.32925166720615356        6.3909303391740478E-003  -6.1818103536404781E-002   6.3909303391740478E-003 -0.13571629346451167     
   8.3166393350185306       0.46618940178151863       -2.8846533878429507E-002  -6.1403730112421021E-002  -2.8846533878429507E-002 -0.32877699215382500        6.6047497930104533E-003  -6.1403730112421021E-002   6.6047497930104533E-003 -0.13741240962769369     
   8.8083460567904215       0.46664166303513638       -3.0598164173983096E-002  -6.0958093380599286E-002  -3.0598164173983096E-002 -0.32826644377561170        6.8222164166716372E-003  -6.0958093380599286E-002   6.8222164166716372E-003 -0.13837521925952437     
   9.3008501954211553       0.46641500035551481       -3.2325063988091179E-002  -6.0483028279467957E-002  -3.2325063988091179E-002 -0.32771785097468470        7.0433287163716536E-003  -6.0483028279467957E-002   7.0433287163716536E-003 -0.13869714938082980     
   9.7943491918173020       0.46558823246053943       -3.4025564032379045E-002  -5.9978897754320512E-002  -3.4025564032379045E-002 -0.32712915929135833        7.2678479411224127E-003  -5.9978897754320512E-002   7.2678479411224127E-003 -0.13845907316918105     
   10.289088428489967       0.46423009295786050       -3.5698208033721299E-002  -5.9445275880810500E-002  -3.5698208033721299E-002 -0.32649841335659263        7.4952984446436067E-003  -5.9445275880810500E-002   7.4952984446436067E-003 -0.13773167960126809     
   10.785372717610745       0.46240000713527146       -3.7341793860930582E-002  -5.8881172954489316E-002  -3.7341793860930582E-002 -0.32582372980942065        7.7250985395043029E-003  -5.8881172954489316E-002   7.7250985395043029E-003 -0.13657627732585043     
   11.283579803869033       0.46014949414439049       -3.8955432137921651E-002  -5.8285455436059272E-002  -3.8955432137921651E-002 -0.32510325126457507        7.9565327836762945E-003  -5.8285455436059272E-002   7.9565327836762945E-003 -0.13504624287981601     
   11.784175067327403       0.45752309260895457       -4.0538592116121125E-002  -5.7656823301212447E-002  -4.0538592116121125E-002 -0.32433508977464837        8.1888513682947389E-003  -5.7656823301212447E-002   8.1888513682947389E-003 -0.13318800283430637     
   12.287726207342340       0.45455975972706969       -4.2091157485718969E-002  -5.6994041682908982E-002  -4.2091157485718969E-002 -0.32351725238920809        8.4212226479000868E-003  -5.6994041682908982E-002   8.4212226479000868E-003 -0.13104250733786202     
   12.794916417562760       0.45129377818463107       -4.3613460217135282E-002  -5.6295788282119306E-002  -4.3613460217135282E-002 -0.32264756057726574        8.6528098836290406E-003  -5.6295788282119306E-002   8.6528098836290406E-003 -0.12864621760736553     
   13.306554576288875       0.44775594137267366       -4.5106310989308354E-002  -5.5560827221447631E-002  -4.5106310989308354E-002 -0.32172355991731200        8.8827107159846225E-003  -5.5560827221447631E-002   8.8827107159846225E-003 -0.12603238145536147     
   13.823581142410388       0.44397418710181585       -4.6570992454157516E-002  -5.4787854928650882E-002  -4.6570992454157516E-002 -0.32074243535430846        9.1100194029770064E-003  -5.4787854928650882E-002   9.1100194029770064E-003 -0.12323175174750667     
   14.347068880897570       0.43997434196895485       -4.8009236423346667E-002  -5.3975720040313035E-002  -4.8009236423346667E-002 -0.31970093123591303        9.3337596256478621E-003  -5.3975720040313035E-002   9.3337596256478621E-003 -0.12027341073304210     
   14.878217972291285       0.43578029341509933       -4.9423153830753769E-002  -5.3123338980274673E-002  -4.9423153830753769E-002 -0.31859529248939006        9.5529401519562473E-003  -5.3123338980274673E-002   9.5529401519562473E-003 -0.11718500092570863     
   15.418345688563308       0.43141420808772485       -5.0815147290875072E-002  -5.2229992705759898E-002  -5.0815147290875072E-002 -0.31742122542701023        9.7664863892844341E-003  -5.2229992705759898E-002   9.7664863892844341E-003 -0.11399298266071470     
   15.968871233413758       0.42689627072370212       -5.2187779844277776E-002  -5.1295301996032348E-002  -5.2187779844277776E-002 -0.31617389174585042        9.9732957014745036E-003  -5.1295301996032348E-002   9.9732957014745036E-003 -0.11072237897785139     
   16.531296897722658       0.42224455729169669       -5.3543644173125925E-002  -5.0319558849434412E-002  -5.3543644173125925E-002 -0.31484792997190875        1.0172170023842724E-002  -5.0319558849434412E-002   1.0172170023842724E-002 -0.10739662731978825     
   17.107186843523934       0.41747462900286475       -5.4885207067316637E-002  -4.9303693869344183E-002  -5.4885207067316637E-002 -0.31343751265852338        1.0361873768004857E-002  -4.9303693869344183E-002   1.0361873768004857E-002 -0.10403711634434076     
   17.698145144525149       0.41259941172486087       -5.6214682718041448E-002  -4.8249564790447889E-002  -5.6214682718041448E-002 -0.31193642795537913        1.0541067352006779E-002  -4.8249564790447889E-002   1.0541067352006779E-002 -0.10066298376948188     
   18.305794518260370       0.40762896760282202       -5.7533903279371093E-002  -4.7159836429703846E-002  -5.7533903279371093E-002 -0.31033818930219575        1.0708369923538583E-002  -4.7159836429703846E-002   1.0708369923538583E-002  -9.7290778300626629E-002
   18.931757319041797       0.40257063120753461       -5.8844245582576303E-002  -4.6038157708475080E-002  -5.8844245582576303E-002 -0.30863615829320917        1.0862294226435875E-002  -4.6038157708475080E-002   1.0862294226435875E-002  -9.3934472914325190E-002
   19.577639893837951       0.39742908533846960       -6.0146566844457176E-002  -4.4888896317246268E-002  -6.0146566844457176E-002 -0.30682368126177734        1.1001317482092968E-002  -4.4888896317246268E-002   1.1001317482092968E-002  -9.0605404076692264E-002
   20.245021469636917       0.39220678397886805       -6.1441214479514637E-002  -4.3717162619594421E-002  -6.1441214479514637E-002 -0.30489422275804445        1.1123819029970320E-002  -4.3717162619594421E-002   1.1123819029970320E-002  -8.7312561220822982E-002
   20.935448066219539       0.38690429040804625       -6.2728047617009772E-002  -4.2528376648472685E-002  -6.2728047617009772E-002 -0.30284149487950357        1.1228161621422209E-002  -4.2528376648472685E-002   1.1228161621422209E-002  -8.4062795528542289E-002
   21.650431911304004       0.38152091914207414       -6.4006541782241327E-002  -4.1328140091067750E-002  -6.4006541782241327E-002 -0.30065956565091900        1.1312631474309349E-002  -4.1328140091067750E-002   1.1312631474309349E-002  -8.0861353491155308E-002
   22.391455884058502       0.37605525474573515       -6.5275897493704521E-002  -4.0121673867163074E-002  -6.5275897493704521E-002 -0.29834294888088891        1.1375529115145441E-002  -4.0121673867163074E-002   1.1375529115145441E-002  -7.7712305864845899E-002
   23.159982406261371       0.37050592534177357       -6.6535223009890523E-002  -3.8913615138228906E-002  -6.6535223009890523E-002 -0.29588666550968701        1.1415109520117020E-002  -3.8913615138228906E-002   1.1415109520117020E-002  -7.4619259832086338E-002
   23.957465102107598       0.36487217121120824       -6.7783685678536681E-002  -3.7707456498702170E-002  -6.7783685678536681E-002 -0.29328629074460311        1.1429679888358718E-002  -3.7707456498702170E-002   1.1429679888358718E-002  -7.1585880466604912E-002
   24.785361693115327       0.35915457879234564       -6.9020708125424962E-002  -3.6505444940749907E-002  -6.9020708125424962E-002 -0.29053799191814939        1.1417537299096279E-002  -3.6505444940749907E-002   1.1417537299096279E-002  -6.8616586874196361E-002
   25.645145854078834       0.35335542454189900       -7.0246069438820988E-002  -3.5308248116845499E-002  -7.0246069438820988E-002 -0.28763858184259833        1.1377070535030592E-002  -3.5308248116845499E-002   1.1377070535030592E-002  -6.5716842699300615E-002
   26.538316701602469       0.34747901649006224       -7.1460006054269165E-002  -3.4115190173239753E-002  -7.1460006054269165E-002 -0.28458559638179870        1.1306695732406636E-002  -3.4115190173239753E-002   1.1306695732406636E-002  -6.2893420108263320E-002
   27.466404560005007       0.34153145301647952       -7.2663169807186526E-002  -3.2924363460489242E-002  -7.2663169807186526E-002 -0.28137742085620177        1.1204961429488318E-002  -3.2924363460489242E-002   1.1204961429488318E-002  -6.0154032160277870E-002
   28.430973440059418       0.33552035888196280       -7.3856568306273782E-002  -3.1733309603567530E-002  -7.3856568306273782E-002 -0.27801345699781255        1.1070485634144625E-002  -3.1733309603567530E-002   1.1070485634144625E-002  -5.7506901884149864E-002
   29.433620846381185       0.32945409288804411       -7.5041341451566185E-002  -3.0539508358075014E-002  -7.5041341451566185E-002 -0.27449434330359895        1.0902065850526638E-002  -3.0539508358075014E-002   1.0902065850526638E-002  -5.4959749584444939E-002
   30.475977273356904       0.32334130564039026       -7.6218563038935538E-002  -2.9341189334687066E-002  -7.6218563038935538E-002 -0.27082219412263875        1.0698624982938387E-002  -2.9341189334687066E-002   1.0698624982938387E-002  -5.2519111517751127E-002
   31.559706984473845       0.31719028578964997       -7.7388911274461750E-002  -2.8137673930127751E-002  -7.7388911274461750E-002 -0.26700085189014472        1.0459334270082634E-002  -2.8137673930127751E-002   1.0459334270082634E-002  -5.0189433899505365E-002
   32.686512338600473       0.31100914888198111       -7.8552476116320699E-002  -2.6929681208625898E-002  -7.8552476116320699E-002 -0.26303607135197765        1.0183587933549626E-002  -2.6929681208625898E-002   1.0183587933549626E-002  -4.7973077530003572E-002
   33.858141667421933       0.30480597444705521       -7.9708546053643775E-002  -2.5718996683571319E-002  -7.9708546053643775E-002 -0.25893562266131698        9.8711571863289681E-003  -2.5718996683571319E-002   9.8711571863289681E-003  -4.5870351785738173E-002
   35.076400626256834       0.29858996836966462       -8.0855711699748853E-002  -2.4508098241217344E-002  -8.0855711699748853E-002 -0.25470919664525782        9.5222113909987100E-003  -2.4508098241217344E-002   9.5222113909987100E-003  -4.3880771724407241E-002
   36.343164283366185       0.29237214380963844       -8.1992043671693285E-002  -2.3299610204288366E-002  -8.1992043671693285E-002 -0.25036814854937561        9.1374961897632972E-003  -2.3299610204288366E-002   9.1374961897632972E-003  -4.2003995260263050E-002
   37.660388127100475       0.28616663112005786       -8.3115663136867274E-002  -2.2096384551980354E-002  -8.3115663136867274E-002 -0.24592499218000269        8.7183570365249197E-003  -2.2096384551980354E-002   8.7183570365249197E-003  -4.0241638940055391E-002
   39.030114817545659       0.27999064801836399       -8.4225260892159176E-002  -2.0902145704615776E-002  -8.4225260892159176E-002 -0.24139286360547674        8.2668224360903791E-003  -2.0902145704615776E-002   8.2668224360903791E-003  -3.8597784412887637E-002
   40.454476479310856       0.27386490929987067       -8.5320815971486774E-002  -1.9722694777530241E-002  -8.5320815971486774E-002 -0.23678497591129027        7.7854430092944753E-003  -1.9722694777530241E-002   7.7854430092944753E-003  -3.7079933388580455E-002
   41.935692104878768       0.26781237473407621       -8.6403843175343456E-002  -1.8566768185641430E-002  -8.6403843175343456E-002 -0.23211444712724327        7.2771180235079577E-003  -1.8566768185641430E-002   7.2771180235079577E-003  -3.5697927606833213E-002
   43.476063284282631       0.26185765515024678       -8.7477474974283070E-002  -1.7445571875620219E-002  -8.7477474974283070E-002 -0.22739435583089873        6.7448158424923063E-003  -1.7445571875620219E-002   6.7448158424923063E-003  -3.4463299319348106E-002
   45.077970097974379       0.25602453638079775       -8.8545617212277203E-002  -1.6370516971678437E-002  -8.8545617212277203E-002 -0.22263830285339886        6.1915688301087835E-003  -1.6370516971678437E-002   6.1915688301087835E-003  -3.3386233527398557E-002
   46.743871200064120       0.25033578940847717       -8.9611943977727926E-002  -1.5349597948585860E-002  -8.9611943977727926E-002 -0.21786099071285467        5.6206560804716041E-003  -1.5349597948585860E-002   5.6206560804716041E-003  -3.2474798695622198E-002
   48.476308263234941       0.24481341039867494       -9.0678395284448654E-002  -1.4385057045395975E-002  -9.0678395284448654E-002 -0.21307893520598273        5.0360426754693247E-003  -1.4385057045395975E-002   5.0360426754693247E-003  -3.1734475192692291E-002
   50.277915977783245       0.23948263054398117       -9.1744964658701508E-002  -1.3474805435850130E-002  -9.1744964658701508E-002 -0.20831065193320392        4.4427476551546132E-003  -1.3474805435850130E-002   4.4427476551546132E-003  -3.1171978610777917E-002
   52.151434107288310       0.23437203670453927       -9.2809918661603791E-002  -1.2618264221136955E-002  -9.2809918661603791E-002 -0.20357671916376399        3.8471460582783761E-003  -1.2618264221136955E-002   3.8471460582783761E-003  -3.0795317540775247E-002
   54.099720494726718       0.22951352189861324       -9.3870838062778170E-002  -1.1821785711097455E-002  -9.3870838062778170E-002 -0.19889943174244024        3.2569455151341374E-003  -1.1821785711097455E-002   3.2569455151341374E-003  -3.0614090156173668E-002
   56.125760529151421       0.22493797447852998       -9.4924101173307546E-002  -1.1100635665325456E-002  -9.4924101173307546E-002 -0.19430212398312541        2.6807470099185324E-003  -1.1100635665325456E-002   2.6807470099185324E-003  -3.0635850495405181E-002
   58.232673419316193       0.22067187037979391       -9.5966080660652126E-002  -1.0474030163308157E-002  -9.5966080660652126E-002 -0.18980533847459599        2.1270603355206291E-003  -1.0474030163308157E-002   2.1270603355206291E-003  -3.0866531905197614E-002
   60.423712988041039       0.21672546435969792       -9.6994563464636474E-002  -9.9551338510907618E-003  -9.6994563464636474E-002 -0.18542054293147875        1.6027770364259997E-003  -9.9551338510907618E-003   1.6027770364259997E-003  -3.1304921428218668E-002
   62.702266572259731       0.21308266528253322       -9.8010637032864639E-002  -9.5416834792884358E-003  -9.8010637032864639E-002 -0.18114471933465731        1.1120954937029620E-003  -9.5416834792884358E-003   1.1120954937029620E-003  -3.1937945947875968E-002
   65.071851652927819       0.20969749657317277       -9.9015857860746584E-002  -9.2159587929123554E-003  -9.9015857860746584E-002 -0.17696175873837680        6.5629093385342755E-004  -9.2159587929123554E-003   6.5629093385342755E-004  -3.2735737834796164E-002
   67.536115195535757       0.20651425167311471      -0.10000989129428728       -8.9525229472567046E-003 -0.10000989129428728      -0.17284915913281398        2.3486269205720537E-004  -8.9525229472567046E-003   2.3486269205720537E-004  -3.3665092540300590E-002
   70.098834724791416       0.20348413066348986      -0.10098853588432356       -8.7264300705002656E-003 -0.10098853588432356      -0.16878472712855705       -1.5431077510840851E-004  -8.7264300705002656E-003  -1.5431077510840851E-004  -3.4699403534933559E-002
   72.763925820098649       0.20057425796425149      -0.10194823901089702       -8.5165122032652297E-003 -0.10194823901089702      -0.16474924553179290       -5.1478228845925906E-004  -8.5165122032652297E-003  -5.1478228845925906E-004  -3.5825012432458392E-002
   75.535452484686346       0.19776623948179500      -0.10288773883335958       -8.3005663722101001E-003 -0.10288773883335958      -0.16073151941026501       -8.5294103407960629E-004  -8.3005663722101001E-003  -8.5294103407960629E-004  -3.7034720071529803E-002
   78.417640449933188       0.19507811993810215      -0.10381136664286873       -8.0597344299237483E-003 -0.10381136664286873      -0.15673687844294643       -1.1733363806757421E-003  -8.0597344299237483E-003  -1.1733363806757421E-003  -3.8341241495155554E-002
   81.414886662583285       0.19256138701017261      -0.10472587423617134       -7.7820442351289147E-003 -0.10472587423617134      -0.15278578367978471       -1.4775481584558617E-003  -7.7820442351289147E-003  -1.4775481584558617E-003  -3.9775603330387432E-002
   84.531770532038593       0.19024869000632155      -0.10564072996836563       -7.4597770925738825E-003 -0.10564072996836563      -0.14889612567123417       -1.7644547081938718E-003  -7.4597770925738825E-003  -1.7644547081938718E-003  -4.1352564335087716E-002
   87.773063531507859       0.18808983728539391      -0.10656575635859922       -7.1129570829171441E-003 -0.10656575635859922      -0.14506735560339118       -2.0317502864803804E-003  -7.1129570829171441E-003  -2.0317502864803804E-003  -4.3022481682002178E-002
   91.143740291820635       0.18595430621773995      -0.10752028969261547       -6.8018132466677022E-003 -0.10752028969261547      -0.14127274633129813       -2.2660371934543466E-003  -6.8018132466677022E-003  -2.2660371934543466E-003  -4.4681559886442068E-002
   94.648982750249274       0.18370649501964015      -0.10852536298283598       -6.5885469720153925E-003 -0.10852536298283598      -0.13747972256329247       -2.4487608398673644E-003  -6.5885469720153925E-003  -2.4487608398673644E-003  -4.6226772456347043E-002
   98.294182571408570       0.18128924980608646      -0.10958548263606711       -6.4809473044192606E-003 -0.10958548263606711      -0.13367035007145953       -2.5669839616006078E-003  -6.4809473044192606E-003  -2.5669839616006078E-003  -4.7618899734626852E-002
   102.08494457614827       0.17867619839997445      -0.11069637193605837       -6.4228725675499268E-003 -0.11069637193605837      -0.12982295096469881       -2.6347511918774539E-003  -6.4228725675499268E-003  -2.6347511918774539E-003  -4.8853247435275582E-002
   106.02709507519039       0.17587236506782949      -0.11185615622113994       -6.3670413618424930E-003 -0.11185615622113994      -0.12590990531043905       -2.6759137897123400E-003  -6.3670413618424930E-003  -2.6759137897123400E-003  -4.9962459757390387E-002
   110.12668121878427       0.17297972506698261      -0.11306923382973966       -6.2674385578447003E-003 -0.11306923382973966      -0.12193926089570339       -2.7174268284430674E-003  -6.2674385578447003E-003  -2.7174268284430674E-003  -5.1040464171278721E-002
   114.38997595935753       0.17017345983634607      -0.11433460537745098       -6.1641368199211984E-003 -0.11433460537745098      -0.11792869611389709       -2.7682089259027307E-003  -6.1641368199211984E-003  -2.7682089259027307E-003  -5.2244763722448850E-002
   118.82349218580593       0.16754391126787987      -0.11564090459350018       -6.1081551065690709E-003 -0.11564090459350018      -0.11387801403316403       -2.8291579893231478E-003  -6.1081551065690709E-003  -2.8291579893231478E-003  -5.3665897234716042E-002
   123.43400754731032       0.16503254646951537      -0.11695220768683080       -6.1026883940904029E-003 -0.11695220768683080      -0.10977338072904474       -2.9036803209821897E-003  -6.1026883940904029E-003  -2.9036803209821897E-003  -5.5259165740470462E-002
   128.22858819426617       0.16255255349530734      -0.11825944910310442       -6.1440407839809721E-003 -0.11825944910310442      -0.10561211174001336       -3.0083899024950325E-003  -6.1440407839809721E-003  -3.0083899024950325E-003  -5.6940441755293891E-002
   133.21461062921168       0.16013224633448520      -0.11956734315602725       -6.2017733295268510E-003 -0.11956734315602725      -0.10141413851235426       -3.1560068959267818E-003  -6.2017733295268510E-003  -3.1560068959267818E-003  -5.8718107822131438E-002
   138.39976236777275       0.15777996479063000      -0.12085947925550655       -6.2774017931588278E-003 -0.12085947925550655       -9.7163737056661315E-002  -3.3420764536303896E-003  -6.2774017931588278E-003  -3.3420764536303896E-003  -6.0616227733968908E-002
   143.79204576222079       0.15543357077808134      -0.12214230142432866       -6.3439028790110638E-003 -0.12214230142432866       -9.2800980956607576E-002  -3.5797391992499891E-003  -6.3439028790110638E-003  -3.5797391992499891E-003  -6.2632589821473517E-002
   149.39977219722627       0.15313053663486559      -0.12349610878907737       -6.2845795899430078E-003 -0.12349610878907737       -8.8333580682114499E-002  -3.8358028832941355E-003  -6.2845795899430078E-003  -3.8358028832941355E-003  -6.4796955952751090E-002
   155.23153822834291       0.15080458263070812      -0.12495255189920436       -6.0171403694755212E-003 -0.12495255189920436       -8.3739008690031591E-002  -4.0848879067471007E-003  -6.0171403694755212E-003  -4.0848879067471007E-003  -6.7065573940676970E-002
   161.29627840136050       0.14847296627199252      -0.12641766230780943       -5.5583364009618675E-003 -0.12641766230780943       -7.9037084663393431E-002  -4.2834033436099902E-003  -5.5583364009618675E-003  -4.2834033436099902E-003  -6.9435881608598926E-002
   167.60330188859035       0.14619479364049964      -0.12776952944610273       -4.9473156170432358E-003 -0.12776952944610273       -7.4329419696178289E-002  -4.4584798550492567E-003  -4.9473156170432358E-003  -4.4584798550492567E-003  -7.1865373944320909E-002
   174.16225183811110       0.14386601797220216      -0.12900809121826851       -4.2649099399500959E-003 -0.12900809121826851       -6.9557263967061966E-002  -4.6406096875837811E-003  -4.2649099399500959E-003  -4.6406096875837811E-003  -7.4308754005139921E-002
   180.98311440646569       0.14116488896063956      -0.13028040878516225       -3.6259796009970664E-003 -0.13028040878516225       -6.4545884488001415E-002  -4.8685421020018046E-003  -3.6259796009970664E-003  -4.8685421020018046E-003  -7.6619004472636976E-002
   188.07630174972897       0.13794123321414614      -0.13163698527127093       -3.0048907668509101E-003 -0.13163698527127093       -5.9161052965509442E-002  -5.1727260035489510E-003  -3.0048907668509101E-003  -5.1727260035489510E-003  -7.8780180248636478E-002
   195.45274694084404       0.13446885011192861      -0.13306797219764557       -2.4228133305563577E-003 -0.13306797219764557       -5.3527674550741478E-002  -5.5270277533312918E-003  -2.4228133305563577E-003  -5.5270277533312918E-003  -8.0941175561186907E-002
   203.12392257080688       0.13071031642507519      -0.13464785773566362       -1.5946108799220267E-003 -0.13464785773566362       -4.7520049065209513E-002  -6.0495190970315882E-003  -1.5946108799220267E-003  -6.0495190970315882E-003  -8.3190267359865233E-002
   211.10179659378014       0.12647594023160835      -0.13642829369805223       -8.6323063831662339E-004 -0.13642829369805223       -4.0975743887027849E-002  -6.6059630586681080E-003  -8.6323063831662339E-004  -6.6059630586681080E-003  -8.5500196344580809E-002
   219.39881246725818       0.12200176893603282      -0.13828956840150983       -2.7797389917598339E-004 -0.13828956840150983       -3.3938644835420251E-002  -7.1947539146309516E-003  -2.7797389917598339E-004  -7.1947539146309516E-003  -8.8063124100613288E-002
   228.02785275608917       0.11712478312828195      -0.14008653844764948        2.1862552843357374E-004 -0.14008653844764948       -2.6485173616687729E-002  -7.8763942665817759E-003   2.1862552843357374E-004  -7.8763942665817759E-003  -9.0639609511594305E-002
   237.00226952159196       0.11200729092100503      -0.14187606564567740        5.7616549475663574E-004 -0.14187606564567740       -1.8791984814781448E-002  -8.5744281020520736E-003   5.7616549475663574E-004  -8.5744281020520736E-003  -9.3215306106222834E-002
   246.33582361669883       0.10694193560605664      -0.14375749338219654        6.0394248018232077E-004 -0.14375749338219654       -1.1607765890185251E-002  -9.2444695633761564E-003   6.0394248018232077E-004  -9.2444695633761564E-003  -9.5334169715871303E-002
   256.04264704989811       0.10206891607993701      -0.14587961874858599        2.7068160840386363E-004 -0.14587961874858599       -5.1172625144320083E-003  -9.8880547182894213E-003   2.7068160840386363E-004  -9.8880547182894213E-003  -9.6951653565505891E-002
   266.13757965546296        9.7709524485656174E-002 -0.14796901408512073        1.6288571490519107E-004 -0.14796901408512073        1.2318887267208090E-003  -1.0573425353592689E-002   1.6288571490519107E-004  -1.0573425353592689E-002  -9.8941413212376983E-002
   276.63597675715829        9.3993142193994184E-002 -0.14973942605288185        5.9643158986194772E-004 -0.14973942605288185        7.6271207173099764E-003  -1.1160777507357269E-002   5.9643158986194772E-004  -1.1160777507357269E-002 -0.10162026291130380     
   287.55355871953844        9.0503137633318187E-002 -0.15155271000099890        1.2051398494959495E-003 -0.15155271000099890        1.4460810347939723E-002  -1.1799361412898151E-002   1.2051398494959495E-003  -1.1799361412898151E-002 -0.10496394798125755     
   298.90683992749621        8.7342485740704523E-002 -0.15354262403745800        1.5652243847803300E-003 -0.15354262403745800        2.1913090519011413E-002  -1.2275968682756282E-002   1.5652243847803300E-003  -1.2275968682756282E-002 -0.10925557625971552     
   310.71322332968930        8.4789556581012004E-002 -0.15536434568429694        1.7295725712042846E-003 -0.15536434568429694        2.9809321127394484E-002  -1.2444886934252783E-002   1.7295725712042846E-003  -1.2444886934252783E-002 -0.11459887770840615     
   322.99088081934292        8.2633650292349314E-002 -0.15664847753651073        1.1993279240553141E-003 -0.15664847753651073        3.7954934317071476E-002  -1.2031446739592647E-002   1.1993279240553141E-003  -1.2031446739592647E-002 -0.12058858460942029     
   335.75870180279162        8.0311677623706279E-002 -0.15757661634796952        5.3958353279157892E-004 -0.15757661634796952        4.7166136450736695E-002  -1.1084336816868748E-002   5.3958353279157892E-004  -1.1084336816868748E-002 -0.12747781407444286     
   349.03634355899754        7.6810836689819306E-002 -0.15798573977166661       -6.4691934415793363E-004 -0.15798573977166661        5.7522034717465698E-002  -9.4780788734230657E-003  -6.4691934415793363E-004  -9.4780788734230657E-003 -0.13433287140728442     
   362.84397017607807        7.1882602098477411E-002 -0.15795103154681248       -7.6872490588966778E-004 -0.15795103154681248        6.8698287868574237E-002  -8.4910727809107880E-003  -7.6872490588966778E-004  -8.4910727809107880E-003 -0.14058088996705234     
   377.20200079328771        6.6486431418131930E-002 -0.15773745572682210        6.6517538075118595E-004 -0.15773745572682210        8.0239257822243337E-002  -8.7097094559266501E-003   6.6517538075118595E-004  -8.7097094559266501E-003 -0.14672568924037482     
   392.13176819350457        6.3414813012702909E-002 -0.15711335918388264        2.3607998500387753E-003 -0.15711335918388264        9.1960227624553470E-002  -9.0089054654327993E-003   2.3607998500387753E-003  -9.0089054654327993E-003 -0.15537504063725630     
   407.65513403820148        6.3387458296694121E-002 -0.15589113171373495        3.8520854658327633E-003 -0.15589113171373495       0.10327968209862048       -9.4878238104798406E-003   3.8520854658327633E-003  -9.4878238104798406E-003 -0.16666714039531533     
   423.79463882180005        6.2694248424353283E-002 -0.15223906550936506        4.9448854064892862E-003 -0.15223906550936506       0.11366477513212153       -9.9320781200295527E-003   4.9448854064892862E-003  -9.9320781200295527E-003 -0.17635902355647487     
   440.57378819198965        5.9762646032392563E-002 -0.14547205485709216        6.3944011850182204E-003 -0.14547205485709216       0.12369680582130832       -1.0586988758955914E-002   6.3944011850182204E-003  -1.0586988758955914E-002 -0.18345945185370127     
   458.01611763282511        5.4922905046274118E-002 -0.13680055404491798        5.7744872180940628E-003 -0.13680055404491798       0.13483229611109337       -1.0438699769740316E-002   5.7744872180940628E-003  -1.0438699769740316E-002 -0.18975520115736694     
   476.14592337158842        5.1150318052624932E-002 -0.12697455415596029        4.7526629851441298E-003 -0.12697455415596029       0.14748020339514867       -1.0295029298463730E-002   4.7526629851441298E-003  -1.0295029298463730E-002 -0.19863052144777407     
   494.98893827624295        4.8672547508565922E-002 -0.11527017050024817        6.2589081288517770E-003 -0.11527017050024817       0.16046838110845829       -1.1592230786789939E-002   6.2589081288517770E-003  -1.1592230786789939E-002 -0.20914092861702360     
   514.57152672387042        4.7066548537600339E-002 -0.10011645967961504        9.3508533616874830E-003 -0.10011645967961504       0.17129337182423415       -1.4432570272258940E-002   9.3508533616874830E-003  -1.4432570272258940E-002 -0.21835992036183394     
   534.91943385867864        5.0699119334946086E-002  -8.4263773554211524E-002   1.2016065032385025E-002  -8.4263773554211524E-002  0.17701775038589102       -1.7189125904096745E-002   1.2016065032385025E-002  -1.7189125904096745E-002 -0.22771686972083768     
   556.05842151964976        5.8026656986874647E-002  -7.0329068907728082E-002   1.2184264903679697E-002  -7.0329068907728082E-002  0.17985035955911161       -1.7878740055526653E-002   1.2184264903679697E-002  -1.7878740055526653E-002 -0.23787701654598634     
   578.01450750174206        6.8025768240932705E-002  -5.6690150102123235E-002   1.0174605074518759E-002  -5.6690150102123235E-002  0.17936098445235477       -1.4801299908945997E-002   1.0174605074518759E-002  -1.4801299908945997E-002 -0.24738675269328744     
   600.81269439638925        7.8731678426859519E-002  -4.3020546674153448E-002   7.3728372859712798E-003  -4.3020546674153448E-002  0.17525079419805040       -1.0104328411777868E-002   7.3728372859712798E-003  -1.0104328411777868E-002 -0.25398247262490981     
   624.47671554558610        8.5625491052046865E-002  -2.9007313416376922E-002   6.1858679507961730E-003  -2.9007313416376922E-002  0.17432516445487128       -8.6988515885930758E-003   6.1858679507961730E-003  -8.6988515885930758E-003 -0.25995065550691843     
   649.02878284292069        9.3881569793452080E-002  -1.8870217963849082E-002   5.4883795737954407E-003  -1.8870217963849082E-002  0.17482254725086593       -8.8035793984754113E-003   5.4883795737954407E-003  -8.8035793984754113E-003 -0.26870411704431818     
   674.48921320331726       0.10232359272813285       -1.3586993689358165E-002   3.6855903445725765E-003  -1.3586993689358165E-002  0.17412525352211811       -6.9698398416583708E-003   3.6855903445725765E-003  -6.9698398416583708E-003 -0.27644884625025112     
   700.87625449444124       0.11116289224420733       -9.8729955731485085E-003   2.3227647288726143E-003  -9.8729955731485085E-003  0.17040884246108196       -4.4047700643178962E-003   2.3227647288726143E-003  -4.4047700643178962E-003 -0.28157173470528868     
   728.20560918447836       0.11826741703376897       -5.1667160552924720E-003   1.1695518259071187E-003  -5.1667160552924720E-003  0.16785840727106810       -2.6834043535027743E-003   1.1695518259071187E-003  -2.6834043535027743E-003 -0.28612582430483613     
   756.49017187287097       0.12342235898434367       -1.0454568506184105E-003   9.3346968057075863E-004  -1.0454568506184105E-003  0.16780021352677715       -1.9450840374520655E-003   9.3346968057075863E-004  -1.9450840374520655E-003 -0.29122257251112071     
   785.74027776964692       0.12797186910852137        5.7316152365502330E-004   8.9557008647523587E-004   5.7316152365502330E-004  0.16748263824984672       -1.6546346445300477E-003   8.9557008647523587E-004  -1.6546346445300477E-003 -0.29545450735836820     
   815.96391746502843       0.13201951134579210        1.3791736960695206E-003   7.9253791727375820E-004   1.3791736960695206E-003  0.16678448477414404       -1.3840728080685219E-003   7.9253791727375820E-004  -1.3840728080685219E-003 -0.29880399611993591     
   847.16699066912963       0.13552404910150578        2.4899500233033400E-003   7.2588914431984954E-004   2.4899500233033400E-003  0.16617164586839955       -1.1793606020287137E-003   7.2588914431984954E-004  -1.1793606020287137E-003 -0.30169569496990478     
   879.35386481582816       0.13868559779033990        3.6850995566832627E-003   6.7997041938078792E-004   3.6850995566832627E-003  0.16557768077149770       -1.0295300233353530E-003   6.7997041938078792E-004  -1.0295300233353530E-003 -0.30426327856183749     
   912.52806851606294       0.14167973078409213        4.9736381695668899E-003   6.2456973885850319E-004   4.9736381695668899E-003  0.16492796050672615       -9.0426870181511173E-004   6.2456973885850319E-004  -9.0426870181511173E-004 -0.30660769129081850     
   946.69296097856466       0.14454614779493979        6.4403441931252959E-003   5.7016351528060426E-004   6.4403441931252959E-003  0.16423524981603477       -7.9847725713214784E-004   5.7016351528060426E-004  -7.9847725713214784E-004 -0.30878139761097384     
   981.85238094514693       0.14732600631213261        8.0795983573751177E-003   5.1788231627937075E-004   8.0795983573751177E-003  0.16348584309724185       -7.0821048537238543E-004   5.1788231627937075E-004  -7.0821048537238543E-004 -0.31081184940937373     
   1018.0112318572543       0.15005814837166276        9.9009757054926619E-003   4.6496181568542644E-004   9.9009757054926619E-003  0.16266820537487464       -6.2989857154037963E-004   4.6496181568542644E-004  -6.2989857154037963E-004 -0.31272635374653784     
   1055.1759542199984       0.15276157572231486        1.1926373880556467E-002   4.1327745427409358E-004   1.1926373880556467E-002  0.16177919948623865       -5.6101608339661070E-004   4.1327745427409358E-004  -5.6101608339661070E-004 -0.31454077520855300     
   1093.3548840257329       0.15545111275859980        1.4161447144833970E-002   3.6415668631853068E-004   1.4161447144833970E-002  0.16081277999908333       -4.9943409515693668E-004   3.6415668631853068E-004  -4.9943409515693668E-004 -0.31626389275768346     
   1132.5584995179929       0.15813913941622776        1.6610447721681541E-002   3.1780893786283036E-004   1.6610447721681541E-002  0.15976252159494225       -4.4402844082442076E-004   3.1780893786283036E-004  -4.4402844082442076E-004 -0.31790166101117007     
   1172.7995576119667       0.16083366270005695        1.9274361733885515E-002   2.7490499150037569E-004   1.9274361733885515E-002  0.15862276283478371       -3.9375811812378096E-004   2.7490499150037569E-004  -3.9375811812378096E-004 -0.31945642553484016     
   1214.0931254950535       0.16354148740083224        2.2149063075455003E-002   2.3589190181324215E-004   2.2149063075455003E-002  0.15738655997569329       -3.4783550263252084E-004   2.3589190181324215E-004  -3.4783550263252084E-004 -0.32092804737652553     
   1256.4565127914741       0.16626956110964192        2.5224262038847096E-002   2.0085881626994871E-004   2.5224262038847096E-002  0.15604527593024342       -3.0578031876213362E-004   2.0085881626994871E-004  -3.0578031876213362E-004 -0.32231483703988484     
   1299.9091155413323       0.16902544858254537        2.8484661329251159E-002   1.6982334700705784E-004   2.8484661329251159E-002  0.15458880405086184       -2.6727329799108759E-004   1.6982334700705784E-004  -2.6727329799108759E-004 -0.32361425263340682     
   1344.4721944640223       0.17181846449952315        3.1909298866891860E-002   1.4264728008627376E-004   3.1909298866891860E-002  0.15300483563637302       -2.3206030687792579E-004   1.4264728008627376E-004  -2.3206030687792579E-004 -0.32482330013589550     
   1390.1686228867500       0.17466070926835958        3.5471207496253258E-002   1.1910432789091627E-004   3.5471207496253258E-002  0.15127857466831440       -1.9999880608880064E-004   1.1910432789091627E-004  -1.9999880608880064E-004 -0.32593928393667387     
   1437.0226478299035       0.17756753967466549        3.9138938210734039E-002   9.8881777056908731E-005   3.9138938210734039E-002  0.14939260695924372       -1.7099074661348481E-004   9.8881777056908731E-005  -1.7099074661348481E-004 -0.32696014663390882     
   1485.0597073955726       0.18055828900800291        4.2876381777105385E-002   8.1662841855400094E-005   4.2876381777105385E-002  0.14732661091820959       -1.4493477523888965E-004   8.1662841855400094E-005  -1.4493477523888965E-004 -0.32788489992621195     
   1534.3063348201131       0.18365640957688628        4.6645015241810618E-002   6.7095426903929871E-005   4.6645015241810618E-002  0.14505743816629335       -1.2174511290979460E-004   6.7095426903929871E-005  -1.2174511290979460E-004 -0.32871384774317958     
   1584.7901556903853       0.18688972673128118        5.0404314917117908E-002   5.4851144519573087E-005   5.0404314917117908E-002  0.14255900445380498       -1.0130489107339307E-004   5.4851144519573087E-005  -1.0130489107339307E-004 -0.32944873118508561     
   1636.5399552004153       0.19028996949733229        5.4114143942804761E-002   4.4613672014662350E-005   5.4114143942804761E-002  0.13980275756030519       -8.3483562815866232E-005   4.4613672014662350E-005  -8.3483562815866232E-005 -0.33009272705763759     
   1689.5857655794327       0.19389242566635173        5.7735546568187288E-002   3.6097547573094232E-005   5.7735546568187288E-002  0.13675790998463883       -6.8115520205044345E-005   3.6097547573094232E-005  -6.8115520205044345E-005 -0.33065033565099039     
   1743.9589119418938       0.19773493879184761        6.1232615600805812E-002   2.9046449267663300E-005   6.1232615600805812E-002  0.13339225022022283       -5.5018713095747227E-005   2.9046449267663300E-005  -5.5018713095747227E-005 -0.33112718901207000     
   1799.6919656583273       0.20185696340002818        6.4573330790558672E-002   2.3235890809815927E-005   6.4573330790558672E-002  0.12967282153180193       -4.3987375040507409E-005   2.3235890809815927E-005  -4.3987375040507409E-005 -0.33152978493183027     
   1856.8185896521929       0.20629821386002561        6.7730686930195919E-002   1.8471441508682532E-005   6.7730686930195919E-002  0.12556699139291649       -3.4807685359560703E-005   1.8471441508682532E-005  -3.4807685359560703E-005 -0.33186520525294189     
   1915.3733075220011       0.21109738511085135        7.0683331779936520E-002   1.4584804933500626E-005   7.0683331779936520E-002  0.12104343821467323       -2.7260331906253881E-005   1.4584804933500626E-005  -2.7260331906253881E-005 -0.33214082332552503     
   1975.3912708039804       0.21629077769250077        7.3416139549961706E-002   1.1432649739344716E-005   7.3416139549961706E-002  0.11607326255275202       -2.1130600205640593E-005   1.1432649739344716E-005  -2.1130600205640593E-005 -0.33236404024525235     
   2036.9081163451826       0.22191107919503777        7.5920609269676725E-002   8.8917436533216309E-006   7.5920609269676725E-002  0.11063097360354707       -1.6212789083773349E-005   8.8917436533216309E-006  -1.6212789083773349E-005 -0.33254205279858501     
   2099.9599880821734       0.22798628538163218        7.8195044616544709E-002   6.8575178964229351E-006   7.8195044616544709E-002  0.10469538256653421       -1.2315833671626221E-005   6.8575178964229351E-006  -1.2315833671626221E-005 -0.33268166794816600     
   2164.5837490241602       0.23453882378392138        8.0244564188151180E-002   5.2406941360513585E-006   8.0244564188151180E-002   9.8250342412387281E-002  -9.2656774726639363E-006   5.2406941360513585E-006  -9.2656774726639363E-006 -0.33278916619630811     
   2230.8173355317431       0.24158484104367867        8.2080794150649422E-002   3.9655655456283566E-006   8.2080794150649422E-002   9.1285368314374449E-002  -6.9079696634714360E-006   3.9655655456283566E-006  -6.9079696634714360E-006 -0.33287020935805234     
   2298.7001384304949       0.24913359037934163        8.3721209005916550E-002   2.9678526786502495E-006   8.3721209005916550E-002   8.3796201265811776E-002  -5.1081720141166534E-006   2.9678526786502495E-006  -5.1081720141166534E-006 -0.33292979164515385     
   2368.2732419492777       0.25718688554774544        8.5188013085108219E-002   2.1933074137192601E-006   8.5188013085108219E-002   7.5785354022999574E-002  -3.7520179465558915E-006   2.1933074137192601E-006  -3.7520179465558915E-006 -0.33297223957074551     
   2439.5793993937955       0.26573865467776375        8.6506680208545933E-002   1.5965407371522736E-006   8.6506680208545933E-002   6.7262564698111649E-002  -2.7436214386541715E-006   1.5965407371522736E-006  -2.7436214386541715E-006 -0.33300121937587501     
   2512.6627383302175       0.27477478452512422        8.7704592357904232E-002   1.1399862286940773E-006   8.7704592357904232E-002   5.8244995511216591E-002  -2.0044254774674671E-006   1.1399862286940773E-006  -2.0044254774674671E-006 -0.33301978003634047     
   2587.5684084752015       0.28427343490144080        8.8810219436582280E-002   7.9295913898481003E-007   8.8810219436582280E-002   4.8757031374243309E-002  -1.4706065300069735E-006   7.9295913898481003E-007  -1.4706065300069735E-006 -0.33303046627568456     
   2664.3425279890603       0.29420562472897477        8.9852870994991854E-002   5.3058757784654155E-007   8.9852870994991854E-002   3.8829645257841605E-002  -1.0916382003089836E-006   5.3058757784654155E-007  -1.0916382003089836E-006 -0.33303526998681643     
   2743.0325416559026       0.30453606728175769        9.0862491462199296E-002   3.3340368572665986E-007   9.0862491462199296E-002   2.8499714176156099E-002  -8.2806197907926174E-007   3.3340368572665986E-007  -8.2806197907926174E-007 -0.33303578145791385     
   2823.6878076646612       0.31522386888481263        9.1868967931711149E-002   1.8621291650062542E-007   9.1868967931711149E-002   1.7809530107192717E-002  -6.4825177210344715E-007   1.8621291650062542E-007  -6.4825177210344715E-007 -0.33303339899200546     
   2906.3594064202889       0.32622290544149429        9.2900751207959376E-002   7.6947169211883848E-008   9.2900751207959376E-002   6.8060580042105800E-003  -5.2931515444939415E-007   7.6947169211883848E-008  -5.2931515444939415E-007 -0.33302896344570471     
   2991.0992168029452       0.33748267300093243        9.3983446993732955E-002  -1.5183107137423609E-009   9.3983446993732955E-002  -4.4595552451426324E-003  -4.5422867348499218E-007  -1.5183107137423609E-009  -4.5422867348499218E-007 -0.33302311775578980     
   3077.9589370100566       0.34894913014371226        9.5139219645002659E-002  -5.6692732378913271E-008   9.5139219645002659E-002  -1.5932599053182006E-002  -4.0164440448397909E-007  -5.6692732378913271E-008  -4.0164440448397909E-007 -0.33301653109052959     
   3166.9908650741063       0.36056540283600608        9.6386623016816955E-002  -9.6325570172089024E-008   9.6386623016816955E-002  -2.7555785670927591E-002  -3.6463369555114588E-007  -9.6325570172089024E-008  -3.6463369555114588E-007 -0.33300961716507849     
   3258.2502353400919       0.37227348383187103        9.7741769828609229E-002  -1.2381131445327909E-007   9.7741769828609229E-002  -3.9270763688583954E-002  -3.4042576931745582E-007  -1.2381131445327909E-007  -3.4042576931745582E-007 -0.33300272014328691     
   3351.7939225723185       0.38401547272133746        9.9218250946842224E-002  -1.4557544887464457E-007   9.9218250946842224E-002  -5.1019509874145219E-002  -3.2031563115757627E-007  -1.4557544887464457E-007  -3.2031563115757627E-007 -0.33299596284719246     
   3447.6781059345976       0.39573422539272135       0.10082545073813821       -1.6681748740861756E-007  0.10082545073813821       -6.2744677370263291E-002  -3.0215773153053229E-007  -1.6681748740861756E-007  -3.0215773153053229E-007 -0.33298954802245850     
   3545.9572935056262       0.40737343056594949       0.10256859091132843       -1.9182910812180311E-007  0.10256859091132843       -7.4389864674338335E-002  -2.8282694537678729E-007  -1.9182910812180311E-007  -2.8282694537678729E-007 -0.33298356589161104     
   3646.6829612020542       0.41887810252983709       0.10444945439698124       -2.2360237214028045E-007  0.10444945439698124       -8.5900004147846570E-002  -2.5970003633516967E-007  -2.2360237214028045E-007  -2.5970003633516967E-007 -0.33297809838199094     
   3749.9026776316091       0.43019624557996289       0.10646695883920845       -2.6265944394448974E-007  0.10646695883920845       -9.7223059816538171E-002  -2.3118489019742923E-007  -2.6265944394448974E-007  -2.3118489019742923E-007 -0.33297318576342372     
   3855.6613495713264       0.44127990229711161       0.10861733222958503       -3.0753326682194329E-007  0.10861733222958503      -0.10831104745542214       -1.9809230858016831E-007  -3.0753326682194329E-007  -1.9809230858016831E-007 -0.33296885484168909     
   3964.0010739256213       0.45208658916597272       0.11089468170042387       -3.5493832523859567E-007  0.11089468170042387      -0.11912147314769936       -1.6256292064192982E-007  -3.5493832523859567E-007  -1.6256292064192982E-007 -0.33296511601827289     
   4074.9689832262252       0.46257581007908205       0.11329073114942913       -3.9996552880757961E-007  0.11329073114942913      -0.12961383892201145       -1.2725432136120130E-007  -3.9996552880757961E-007  -1.2725432136120130E-007 -0.33296197115707010     
